1.
0.
0.
0.
0.
0.
0.
0.
0.
0.
0.
0.
0.
0.
0.
0.
0.
3.872983346207417
0.
0.
0.
0.
0.
0.
0.
0.
0.
0.
0.
0.
0.
0.
0.
0.
10.246950765959598
0.
0.
0.
0.
0.
0.
0.
0.
0.
0.
0.
0.
0.
0.
0.
0.
21.330729007701542
0.
0.
0.
0.
0.
0.
0.
0.
0.
0.
0.
0.
0.
0.
0.
0.
36.945906403822335
0.
0.
0.
0.
0.
0.
0.
0.
0.
0.
0.
0.
0.
0.
0.
0.
54.79963503528103
0.
0.
0.
0.
0.
0.
0.
0.
0.
0.
0.
0.
0.
0.
0.
0.
70.74602462329597
0.
0.
0.
0.
0.
0.
0.
0.
0.
0.
0.
0.
0.
0.
0.
0.
80.21845174272563
0.
0.
0.
0.
0.
0.
0.
0.
0.
0.
0.
0.
0.
0.
0.
0.
80.21845174272563
0.
0.
0.
0.
0.
0.
0.
0.
0.
0.
0.
0.
0.
0.
0.
0.
70.74602462329597
0.
0.
0.
0.
0.
0.
0.
0.
0.
0.
0.
0.
0.
0.
0.
0.
54.79963503528103
0.
0.
0.
0.
0.
0.
0.
0.
0.
0.
0.
0.
0.
0.
0.
0.
36.945906403822335
0.
0.
0.
0.
0.
0.
0.
0.
0.
0.
0.
0.
0.
0.
0.
0.
21.330729007701542
0.
0.
0.
0.
0.
0.
0.
0.
0.
0.
0.
0.
0.
0.
0.
0.
10.246950765959598
0.
0.
0.
0.
0.
0.
0.
0.
0.
0.
0.
0.
0.
0.
0.
0.
3.872983346207417
0.
0.
0.
0.
0.
0.
0.
0.
0.
0.
0.
0.
0.
0.
0.
0.
1.
0.
-3.872983346207417
0.
0.
0.
0.
0.
0.
0.
0.
0.
0.
0.
0.
0.
0.
1.
0.
-14.
0.
0.
0.
0.
0.
0.
0.
0.
0.
0.
0.
0.
0.
0.
5.291502622129181
0.
-34.39476704383968
0.
0.
0.
0.
0.
0.
0.
0.
0.
0.
0.
0.
0.
0.
16.522711641858304
0.
-66.09084656743322
0.
0.
0.
0.
0.
0.
0.
0.
0.
0.
0.
0.
0.
0.
38.157568056677825
0.
-104.93331215586402
0.
0.
0.
0.
0.
0.
0.
0.
0.
0.
0.
0.
0.
0.
70.74602462329597
0.
-141.49204924659193
0.
0.
0.
0.
0.
0.
0.
0.
0.
0.
0.
0.
0.
0.
109.59927007056206
0.
-164.39890510584308
0.
0.
0.
0.
0.
0.
0.
0.
0.
0.
0.
0.
0.
0.
144.98620624045586
0.
-165.69852141766384
0.
0.
0.
0.
0.
0.
0.
0.
0.
0.
0.
0.
0.
0.
165.69852141766384
0.
-144.98620624045586
0.
0.
0.
0.
0.
0.
0.
0.
0.
0.
0.
0.
0.
0.
164.39890510584308
0.
-109.59927007056206
0.
0.
0.
0.
0.
0.
0.
0.
0.
0.
0.
0.
0.
0.
141.49204924659193
0.
-70.74602462329597
0.
0.
0.
0.
0.
0.
0.
0.
0.
0.
0.
0.
0.
0.
104.93331215586402
0.
-38.157568056677825
0.
0.
0.
0.
0.
0.
0.
0.
0.
0.
0.
0.
0.
0.
66.09084656743322
0.
-16.522711641858304
0.
0.
0.
0.
0.
0.
0.
0.
0.
0.
0.
0.
0.
0.
34.39476704383968
0.
-5.291502622129181
0.
0.
0.
0.
0.
0.
0.
0.
0.
0.
0.
0.
0.
0.
14.
0.
-1.
0.
0.
0.
0.
0.
0.
0.
0.
0.
0.
0.
0.
0.
0.
3.872983346207417
0.
0.
0.
10.246950765959598
0.
0.
0.
0.
0.
0.
0.
0.
0.
0.
0.
0.
0.
0.
-5.291502622129181
0.
34.39476704383968
0.
0.
0.
0.
0.
0.
0.
0.
0.
0.
0.
0.
1.
0.
-26.
0.
78.
0.
0.
0.
0.
0.
0.
0.
0.
0.
0.
0.
0.
6.244997998398398
0.
-74.93997598078079
0.
137.38995596476477
0.
0.
0.
0.
0.
0.
0.
0.
0.
0.
0.
0.
21.633307652783934
0.
-158.64425612041552
0.
198.3053201505194
0.
0.
0.
0.
0.
0.
0.
0.
0.
0.
0.
0.
53.47896782848375
0.
-267.3948391424188
0.
240.6553552281769
0.
0.
0.
0.
0.
0.
0.
0.
0.
0.
0.
0.
103.5615758860399
0.
-372.82167318974365
0.
248.54778212649575
0.
0.
0.
0.
0.
0.
0.
0.
0.
0.
0.
0.
164.39890510584308
0.
-438.3970802822482
0.
219.1985401411241
0.
0.
0.
0.
0.
0.
0.
0.
0.
0.
0.
0.
219.1985401411241
0.
-438.3970802822482
0.
164.39890510584308
0.
0.
0.
0.
0.
0.
0.
0.
0.
0.
0.
0.
248.54778212649575
0.
-372.82167318974365
0.
103.5615758860399
0.
0.
0.
0.
0.
0.
0.
0.
0.
0.
0.
0.
240.6553552281769
0.
-267.3948391424188
0.
53.47896782848375
0.
0.
0.
0.
0.
0.
0.
0.
0.
0.
0.
0.
198.3053201505194
0.
-158.64425612041552
0.
21.633307652783934
0.
0.
0.
0.
0.
0.
0.
0.
0.
0.
0.
0.
137.38995596476477
0.
-74.93997598078079
0.
6.244997998398398
0.
0.
0.
0.
0.
0.
0.
0.
0.
0.
0.
0.
78.
0.
-26.
0.
1.
0.
0.
0.
0.
0.
0.
0.
0.
0.
0.
0.
0.
34.39476704383968
0.
-5.291502622129181
0.
0.
0.
0.
0.
0.
0.
0.
0.
0.
0.
0.
0.
0.
10.246950765959598
0.
0.
0.
0.
0.
-21.330729007701542
0.
0.
0.
0.
0.
0.
0.
0.
0.
0.
0.
0.
0.
0.
16.522711641858304
0.
-66.09084656743322
0.
0.
0.
0.
0.
0.
0.
0.
0.
0.
0.
0.
-6.244997998398398
0.
74.93997598078079
0.
-137.38995596476477
0.
0.
0.
0.
0.
0.
0.
0.
0.
0.
1.
0.
-36.
0.
198.
0.
-220.
0.
0.
0.
0.
0.
0.
0.
0.
0.
0.
6.928203230275509
0.
-114.31535329954589
0.
381.051177665153
0.
-285.78838324886476
0.
0.
0.
0.
0.
0.
0.
0.
0.
0.
25.69046515733026
0.
-256.9046515733026
0.
578.0354660399308
0.
-308.2855818879631
0.
0.
0.
0.
0.
0.
0.
0.
0.
0.
66.33249580710799
0.
-447.744346697979
0.
716.3909547167664
0.
-278.5964823898536
0.
0.
0.
0.
0.
0.
0.
0.
0.
0.
131.62446581088184
0.
-631.7974358922328
0.
737.0970085409383
0.
-210.59914529741093
0.
0.
0.
0.
0.
0.
0.
0.
0.
0.
210.59914529741093
0.
-737.0970085409383
0.
631.7974358922328
0.
-131.62446581088184
0.
0.
0.
0.
0.
0.
0.
0.
0.
0.
278.5964823898536
0.
-716.3909547167664
0.
447.744346697979
0.
-66.33249580710799
0.
0.
0.
0.
0.
0.
0.
0.
0.
0.
308.2855818879631
0.
-578.0354660399308
0.
256.9046515733026
0.
-25.69046515733026
0.
0.
0.
0.
0.
0.
0.
0.
0.
0.
285.78838324886476
0.
-381.051177665153
0.
114.31535329954589
0.
-6.928203230275509
0.
0.
0.
0.
0.
0.
0.
0.
0.
0.
220.
0.
-198.
0.
36.
0.
-1.
0.
0.
0.
0.
0.
0.
0.
0.
0.
0.
137.38995596476477
0.
-74.93997598078079
0.
6.244997998398398
0.
0.
0.
0.
0.
0.
0.
0.
0.
0.
0.
0.
66.09084656743322
0.
-16.522711641858304
0.
0.
0.
0.
0.
0.
0.
0.
0.
0.
0.
0.
0.
0.
21.330729007701542
0.
0.
0.
0.
0.
0.
0.
36.945906403822335
0.
0.
0.
0.
0.
0.
0.
0.
0.
0.
0.
0.
0.
0.
-38.157568056677825
0.
104.93331215586402
0.
0.
0.
0.
0.
0.
0.
0.
0.
0.
0.
0.
21.633307652783934
0.
-158.64425612041552
0.
198.3053201505194
0.
0.
0.
0.
0.
0.
0.
0.
0.
0.
-6.928203230275509
0.
114.31535329954589
0.
-381.051177665153
0.
285.78838324886476
0.
0.
0.
0.
0.
0.
0.
0.
1.
0.
-44.
0.
330.
0.
-660.
0.
330.
0.
0.
0.
0.
0.
0.
0.
0.
7.416198487095663
0.
-148.32396974191326
0.
667.4578638386097
0.
-889.9438184514795
0.
311.48033645801786
0.
0.
0.
0.
0.
0.
0.
0.
28.722813232690143
0.
-344.6737587922817
0.
1034.0212763768452
0.
-965.0865246183888
0.
241.2716311545972
0.
0.
0.
0.
0.
0.
0.
0.
75.99342076785332
0.
-607.9473661428266
0.
1276.6894688999357
0.
-851.1263125999571
0.
151.98684153570665
0.
0.
0.
0.
0.
0.
0.
0.
151.98684153570665
0.
-851.1263125999571
0.
1276.6894688999357
0.
-607.9473661428266
0.
75.99342076785332
0.
0.
0.
0.
0.
0.
0.
0.
241.2716311545972
0.
-965.0865246183888
0.
1034.0212763768452
0.
-344.6737587922817
0.
28.722813232690143
0.
0.
0.
0.
0.
0.
0.
0.
311.48033645801786
0.
-889.9438184514795
0.
667.4578638386097
0.
-148.32396974191326
0.
7.416198487095663
0.
0.
0.
0.
0.
0.
0.
0.
330.
0.
-660.
0.
330.
0.
-44.
0.
1.
0.
0.
0.
0.
0.
0.
0.
0.
285.78838324886476
0.
-381.051177665153
0.
114.31535329954589
0.
-6.928203230275509
0.
0.
0.
0.
0.
0.
0.
0.
0.
0.
198.3053201505194
0.
-158.64425612041552
0.
21.633307652783934
0.
0.
0.
0.
0.
0.
0.
0.
0.
0.
0.
0.
104.93331215586402
0.
-38.157568056677825
0.
0.
0.
0.
0.
0.
0.
0.
0.
0.
0.
0.
0.
0.
36.945906403822335
0.
0.
0.
0.
0.
0.
0.
0.
0.
-54.79963503528103
0.
0.
0.
0.
0.
0.
0.
0.
0.
0.
0.
0.
0.
0.
70.74602462329597
0.
-141.49204924659193
0.
0.
0.
0.
0.
0.
0.
0.
0.
0.
0.
0.
-53.47896782848375
0.
267.3948391424188
0.
-240.6553552281769
0.
0.
0.
0.
0.
0.
0.
0.
0.
0.
25.69046515733026
0.
-256.9046515733026
0.
578.0354660399308
0.
-308.2855818879631
0.
0.
0.
0.
0.
0.
0.
0.
-7.416198487095663
0.
148.32396974191326
0.
-667.4578638386097
0.
889.9438184514795
0.
-311.48033645801786
0.
0.
0.
0.
0.
0.
1.
0.
-50.
0.
450.
0.
-1200.
0.
1050.
0.
-252.
0.
0.
0.
0.
0.
0.
7.745966692414834
0.
-174.28425057933376
0.
929.51600308978
0.
-1626.6530054071152
0.
975.9918032442691
0.
-162.6653005407115
0.
0.
0.
0.
0.
0.
30.740852297878796
0.
-409.8780306383839
0.
1434.5731072343438
0.
-1721.4877286812125
0.
717.2865536171719
0.
-81.97560612767678
0.
0.
0.
0.
0.
0.
81.97560612767678
0.
-717.2865536171719
0.
1721.4877286812125
0.
-1434.5731072343438
0.
409.8780306383839
0.
-30.740852297878796
0.
0.
0.
0.
0.
0.
162.6653005407115
0.
-975.9918032442691
0.
1626.6530054071152
0.
-929.51600308978
0.
174.28425057933376
0.
-7.745966692414834
0.
0.
0.
0.
0.
0.
252.
0.
-1050.
0.
1200.
0.
-450.
0.
50.
0.
-1.
0.
0.
0.
0.
0.
0.
311.48033645801786
0.
-889.9438184514795
0.
667.4578638386097
0.
-148.32396974191326
0.
7.416198487095663
0.
0.
0.
0.
0.
0.
0.
0.
308.2855818879631
0.
-578.0354660399308
0.
256.9046515733026
0.
-25.69046515733026
0.
0.
0.
0.
0.
0.
0.
0.
0.
0.
240.6553552281769
0.
-267.3948391424188
0.
53.47896782848375
0.
0.
0.
0.
0.
0.
0.
0.
0.
0.
0.
0.
141.49204924659193
0.
-70.74602462329597
0.
0.
0.
0.
0.
0.
0.
0.
0.
0.
0.
0.
0.
0.
54.79963503528103
0.
0.
0.
0.
0.
0.
0.
0.
0.
0.
0.
70.74602462329597
0.
0.
0.
0.
0.
0.
0.
0.
0.
0.
0.
0.
0.
0.
-109.59927007056206
0.
164.39890510584308
0.
0.
0.
0.
0.
0.
0.
0.
0.
0.
0.
0.
103.5615758860399
0.
-372.82167318974365
0.
248.54778212649575
0.
0.
0.
0.
0.
0.
0.
0.
0.
0.
-66.33249580710799
0.
447.744346697979
0.
-716.3909547167664
0.
278.5964823898536
0.
0.
0.
0.
0.
0.
0.
0.
28.722813232690143
0.
-344.6737587922817
0.
1034.0212763768452
0.
-965.0865246183888
0.
241.2716311545972
0.
0.
0.
0.
0.
0.
-7.745966692414834
0.
174.28425057933376
0.
-929.51600308978
0.
1626.6530054071152
0.
-975.9918032442691
0.
162.6653005407115
0.
0.
0.
0.
1.
0.
-54.
0.
540.
0.
-1680.
0.
1890.
0.
-756.
0.
84.
0.
0.
0.
0.
7.937253933193772
0.
-190.49409439665052
0.
1111.215550647128
0.
-2222.431101294256
0.
1666.8233259706922
0.
-444.48622025885123
0.
31.74901573277509
0.
0.
0.
0.
31.74901573277509
0.
-444.48622025885123
0.
1666.8233259706922
0.
-2222.431101294256
0.
1111.215550647128
0.
-190.49409439665052
0.
7.937253933193772
0.
0.
0.
0.
84.
0.
-756.
0.
1890.
0.
-1680.
0.
540.
0.
-54.
0.
1.
0.
0.
0.
0.
162.6653005407115
0.
-975.9918032442691
0.
1626.6530054071152
0.
-929.51600308978
0.
174.28425057933376
0.
-7.745966692414834
0.
0.
0.
0.
0.
0.
241.2716311545972
0.
-965.0865246183888
0.
1034.0212763768452
0.
-344.6737587922817
0.
28.722813232690143
0.
0.
0.
0.
0.
0.
0.
0.
278.5964823898536
0.
-716.3909547167664
0.
447.744346697979
0.
-66.33249580710799
0.
0.
0.
0.
0.
0.
0.
0.
0.
0.
248.54778212649575
0.
-372.82167318974365
0.
103.5615758860399
0.
0.
0.
0.
0.
0.
0.
0.
0.
0.
0.
0.
164.39890510584308
0.
-109.59927007056206
0.
0.
0.
0.
0.
0.
0.
0.
0.
0.
0.
0.
0.
0.
70.74602462329597
0.
0.
0.
0.
0.
0.
0.
0.
0.
0.
0.
0.
0.
-80.21845174272563
0.
0.
0.
0.
0.
0.
0.
0.
0.
0.
0.
0.
0.
0.
144.98620624045586
0.
-165.69852141766384
0.
0.
0.
0.
0.
0.
0.
0.
0.
0.
0.
0.
-164.39890510584308
0.
438.3970802822482
0.
-219.1985401411241
0.
0.
0.
0.
0.
0.
0.
0.
0.
0.
131.62446581088184
0.
-631.7974358922328
0.
737.0970085409383
0.
-210.59914529741093
0.
0.
0.
0.
0.
0.
0.
0.
-75.99342076785332
0.
607.9473661428266
0.
-1276.6894688999357
0.
851.1263125999571
0.
-151.98684153570665
0.
0.
0.
0.
0.
0.
30.740852297878796
0.
-409.8780306383839
0.
1434.5731072343438
0.
-1721.4877286812125
0.
717.2865536171719
0.
-81.97560612767678
0.
0.
0.
0.
-7.937253933193772
0.
190.49409439665052
0.
-1111.215550647128
0.
2222.431101294256
0.
-1666.8233259706922
0.
444.48622025885123
0.
-31.74901573277509
0.
0.
1.
0.
-56.
0.
588.
0.
-1960.
0.
2450.
0.
-1176.
0.
196.
0.
-8.
0.
0.
8.
0.
-196.
0.
1176.
0.
-2450.
0.
1960.
0.
-588.
0.
56.
0.
-1.
0.
0.
31.74901573277509
0.
-444.48622025885123
0.
1666.8233259706922
0.
-2222.431101294256
0.
1111.215550647128
0.
-190.49409439665052
0.
7.937253933193772
0.
0.
0.
0.
81.97560612767678
0.
-717.2865536171719
0.
1721.4877286812125
0.
-1434.5731072343438
0.
409.8780306383839
0.
-30.740852297878796
0.
0.
0.
0.
0.
0.
151.98684153570665
0.
-851.1263125999571
0.
1276.6894688999357
0.
-607.9473661428266
0.
75.99342076785332
0.
0.
0.
0.
0.
0.
0.
0.
210.59914529741093
0.
-737.0970085409383
0.
631.7974358922328
0.
-131.62446581088184
0.
0.
0.
0.
0.
0.
0.
0.
0.
0.
219.1985401411241
0.
-438.3970802822482
0.
164.39890510584308
0.
0.
0.
0.
0.
0.
0.
0.
0.
0.
0.
0.
165.69852141766384
0.
-144.98620624045586
0.
0.
0.
0.
0.
0.
0.
0.
0.
0.
0.
0.
0.
0.
80.21845174272563
0.
0.
0.
0.
0.
0.
0.
0.
0.
0.
0.
0.
0.
0.
0.
80.21845174272563
0.
0.
0.
0.
0.
0.
0.
0.
0.
0.
0.
0.
0.
0.
-165.69852141766384
0.
144.98620624045586
0.
0.
0.
0.
0.
0.
0.
0.
0.
0.
0.
0.
219.1985401411241
0.
-438.3970802822482
0.
164.39890510584308
0.
0.
0.
0.
0.
0.
0.
0.
0.
0.
-210.59914529741093
0.
737.0970085409383
0.
-631.7974358922328
0.
131.62446581088184
0.
0.
0.
0.
0.
0.
0.
0.
151.98684153570665
0.
-851.1263125999571
0.
1276.6894688999357
0.
-607.9473661428266
0.
75.99342076785332
0.
0.
0.
0.
0.
0.
-81.97560612767678
0.
717.2865536171719
0.
-1721.4877286812125
0.
1434.5731072343438
0.
-409.8780306383839
0.
30.740852297878796
0.
0.
0.
0.
31.74901573277509
0.
-444.48622025885123
0.
1666.8233259706922
0.
-2222.431101294256
0.
1111.215550647128
0.
-190.49409439665052
0.
7.937253933193772
0.
0.
-8.
0.
196.
0.
-1176.
0.
2450.
0.
-1960.
0.
588.
0.
-56.
0.
1.
1.
0.
-56.
0.
588.
0.
-1960.
0.
2450.
0.
-1176.
0.
196.
0.
-8.
0.
0.
7.937253933193772
0.
-190.49409439665052
0.
1111.215550647128
0.
-2222.431101294256
0.
1666.8233259706922
0.
-444.48622025885123
0.
31.74901573277509
0.
0.
0.
0.
30.740852297878796
0.
-409.8780306383839
0.
1434.5731072343438
0.
-1721.4877286812125
0.
717.2865536171719
0.
-81.97560612767678
0.
0.
0.
0.
0.
0.
75.99342076785332
0.
-607.9473661428266
0.
1276.6894688999357
0.
-851.1263125999571
0.
151.98684153570665
0.
0.
0.
0.
0.
0.
0.
0.
131.62446581088184
0.
-631.7974358922328
0.
737.0970085409383
0.
-210.59914529741093
0.
0.
0.
0.
0.
0.
0.
0.
0.
0.
164.39890510584308
0.
-438.3970802822482
0.
219.1985401411241
0.
0.
0.
0.
0.
0.
0.
0.
0.
0.
0.
0.
144.98620624045586
0.
-165.69852141766384
0.
0.
0.
0.
0.
0.
0.
0.
0.
0.
0.
0.
0.
0.
80.21845174272563
0.
0.
0.
0.
0.
0.
0.
0.
0.
0.
0.
0.
0.
0.
0.
0.
0.
-70.74602462329597
0.
0.
0.
0.
0.
0.
0.
0.
0.
0.
0.
0.
0.
0.
164.39890510584308
0.
-109.59927007056206
0.
0.
0.
0.
0.
0.
0.
0.
0.
0.
0.
0.
-248.54778212649575
0.
372.82167318974365
0.
-103.5615758860399
0.
0.
0.
0.
0.
0.
0.
0.
0.
0.
278.5964823898536
0.
-716.3909547167664
0.
447.744346697979
0.
-66.33249580710799
0.
0.
0.
0.
0.
0.
0.
0.
-241.2716311545972
0.
965.0865246183888
0.
-1034.0212763768452
0.
344.6737587922817
0.
-28.722813232690143
0.
0.
0.
0.
0.
0.
162.6653005407115
0.
-975.9918032442691
0.
1626.6530054071152
0.
-929.51600308978
0.
174.28425057933376
0.
-7.745966692414834
0.
0.
0.
0.
-84.
0.
756.
0.
-1890.
0.
1680.
0.
-540.
0.
54.
0.
-1.
0.
0.
31.74901573277509
0.
-444.48622025885123
0.
1666.8233259706922
0.
-2222.431101294256
0.
1111.215550647128
0.
-190.49409439665052
0.
7.937253933193772
0.
0.
-7.937253933193772
0.
190.49409439665052
0.
-1111.215550647128
0.
2222.431101294256
0.
-1666.8233259706922
0.
444.48622025885123
0.
-31.74901573277509
0.
0.
1.
0.
-54.
0.
540.
0.
-1680.
0.
1890.
0.
-756.
0.
84.
0.
0.
0.
0.
7.745966692414834
0.
-174.28425057933376
0.
929.51600308978
0.
-1626.6530054071152
0.
975.9918032442691
0.
-162.6653005407115
0.
0.
0.
0.
0.
0.
28.722813232690143
0.
-344.6737587922817
0.
1034.0212763768452
0.
-965.0865246183888
0.
241.2716311545972
0.
0.
0.
0.
0.
0.
0.
0.
66.33249580710799
0.
-447.744346697979
0.
716.3909547167664
0.
-278.5964823898536
0.
0.
0.
0.
0.
0.
0.
0.
0.
0.
103.5615758860399
0.
-372.82167318974365
0.
248.54778212649575
0.
0.
0.
0.
0.
0.
0.
0.
0.
0.
0.
0.
109.59927007056206
0.
-164.39890510584308
0.
0.
0.
0.
0.
0.
0.
0.
0.
0.
0.
0.
0.
0.
70.74602462329597
0.
0.
0.
0.
0.
0.
0.
0.
0.
0.
0.
0.
0.
0.
0.
0.
0.
0.
0.
54.79963503528103
0.
0.
0.
0.
0.
0.
0.
0.
0.
0.
0.
0.
0.
0.
-141.49204924659193
0.
70.74602462329597
0.
0.
0.
0.
0.
0.
0.
0.
0.
0.
0.
0.
240.6553552281769
0.
-267.3948391424188
0.
53.47896782848375
0.
0.
0.
0.
0.
0.
0.
0.
0.
0.
-308.2855818879631
0.
578.0354660399308
0.
-256.9046515733026
0.
25.69046515733026
0.
0.
0.
0.
0.
0.
0.
0.
311.48033645801786
0.
-889.9438184514795
0.
667.4578638386097
0.
-148.32396974191326
0.
7.416198487095663
0.
0.
0.
0.
0.
0.
-252.
0.
1050.
0.
-1200.
0.
450.
0.
-50.
0.
1.
0.
0.
0.
0.
162.6653005407115
0.
-975.9918032442691
0.
1626.6530054071152
0.
-929.51600308978
0.
174.28425057933376
0.
-7.745966692414834
0.
0.
0.
0.
-81.97560612767678
0.
717.2865536171719
0.
-1721.4877286812125
0.
1434.5731072343438
0.
-409.8780306383839
0.
30.740852297878796
0.
0.
0.
0.
30.740852297878796
0.
-409.8780306383839
0.
1434.5731072343438
0.
-1721.4877286812125
0.
717.2865536171719
0.
-81.97560612767678
0.
0.
0.
0.
-7.745966692414834
0.
174.28425057933376
0.
-929.51600308978
0.
1626.6530054071152
0.
-975.9918032442691
0.
162.6653005407115
0.
0.
0.
0.
1.
0.
-50.
0.
450.
0.
-1200.
0.
1050.
0.
-252.
0.
0.
0.
0.
0.
0.
7.416198487095663
0.
-148.32396974191326
0.
667.4578638386097
0.
-889.9438184514795
0.
311.48033645801786
0.
0.
0.
0.
0.
0.
0.
0.
25.69046515733026
0.
-256.9046515733026
0.
578.0354660399308
0.
-308.2855818879631
0.
0.
0.
0.
0.
0.
0.
0.
0.
0.
53.47896782848375
0.
-267.3948391424188
0.
240.6553552281769
0.
0.
0.
0.
0.
0.
0.
0.
0.
0.
0.
0.
70.74602462329597
0.
-141.49204924659193
0.
0.
0.
0.
0.
0.
0.
0.
0.
0.
0.
0.
0.
0.
54.79963503528103
0.
0.
0.
0.
0.
0.
0.
0.
0.
0.
0.
0.
0.
0.
0.
0.
0.
0.
0.
0.
0.
-36.945906403822335
0.
0.
0.
0.
0.
0.
0.
0.
0.
0.
0.
0.
0.
0.
104.93331215586402
0.
-38.157568056677825
0.
0.
0.
0.
0.
0.
0.
0.
0.
0.
0.
0.
-198.3053201505194
0.
158.64425612041552
0.
-21.633307652783934
0.
0.
0.
0.
0.
0.
0.
0.
0.
0.
285.78838324886476
0.
-381.051177665153
0.
114.31535329954589
0.
-6.928203230275509
0.
0.
0.
0.
0.
0.
0.
0.
-330.
0.
660.
0.
-330.
0.
44.
0.
-1.
0.
0.
0.
0.
0.
0.
311.48033645801786
0.
-889.9438184514795
0.
667.4578638386097
0.
-148.32396974191326
0.
7.416198487095663
0.
0.
0.
0.
0.
0.
-241.2716311545972
0.
965.0865246183888
0.
-1034.0212763768452
0.
344.6737587922817
0.
-28.722813232690143
0.
0.
0.
0.
0.
0.
151.98684153570665
0.
-851.1263125999571
0.
1276.6894688999357
0.
-607.9473661428266
0.
75.99342076785332
0.
0.
0.
0.
0.
0.
-75.99342076785332
0.
607.9473661428266
0.
-1276.6894688999357
0.
851.1263125999571
0.
-151.98684153570665
0.
0.
0.
0.
0.
0.
28.722813232690143
0.
-344.6737587922817
0.
1034.0212763768452
0.
-965.0865246183888
0.
241.2716311545972
0.
0.
0.
0.
0.
0.
-7.416198487095663
0.
148.32396974191326
0.
-667.4578638386097
0.
889.9438184514795
0.
-311.48033645801786
0.
0.
0.
0.
0.
0.
1.
0.
-44.
0.
330.
0.
-660.
0.
330.
0.
0.
0.
0.
0.
0.
0.
0.
6.928203230275509
0.
-114.31535329954589
0.
381.051177665153
0.
-285.78838324886476
0.
0.
0.
0.
0.
0.
0.
0.
0.
0.
21.633307652783934
0.
-158.64425612041552
0.
198.3053201505194
0.
0.
0.
0.
0.
0.
0.
0.
0.
0.
0.
0.
38.157568056677825
0.
-104.93331215586402
0.
0.
0.
0.
0.
0.
0.
0.
0.
0.
0.
0.
0.
0.
36.945906403822335
0.
0.
0.
0.
0.
0.
0.
0.
0.
0.
0.
0.
0.
0.
0.
0.
0.
0.
0.
0.
0.
0.
0.
21.330729007701542
0.
0.
0.
0.
0.
0.
0.
0.
0.
0.
0.
0.
0.
0.
-66.09084656743322
0.
16.522711641858304
0.
0.
0.
0.
0.
0.
0.
0.
0.
0.
0.
0.
137.38995596476477
0.
-74.93997598078079
0.
6.244997998398398
0.
0.
0.
0.
0.
0.
0.
0.
0.
0.
-220.
0.
198.
0.
-36.
0.
1.
0.
0.
0.
0.
0.
0.
0.
0.
285.78838324886476
0.
-381.051177665153
0.
114.31535329954589
0.
-6.928203230275509
0.
0.
0.
0.
0.
0.
0.
0.
-308.2855818879631
0.
578.0354660399308
0.
-256.9046515733026
0.
25.69046515733026
0.
0.
0.
0.
0.
0.
0.
0.
278.5964823898536
0.
-716.3909547167664
0.
447.744346697979
0.
-66.33249580710799
0.
0.
0.
0.
0.
0.
0.
0.
-210.59914529741093
0.
737.0970085409383
0.
-631.7974358922328
0.
131.62446581088184
0.
0.
0.
0.
0.
0.
0.
0.
131.62446581088184
0.
-631.7974358922328
0.
737.0970085409383
0.
-210.59914529741093
0.
0.
0.
0.
0.
0.
0.
0.
-66.33249580710799
0.
447.744346697979
0.
-716.3909547167664
0.
278.5964823898536
0.
0.
0.
0.
0.
0.
0.
0.
25.69046515733026
0.
-256.9046515733026
0.
578.0354660399308
0.
-308.2855818879631
0.
0.
0.
0.
0.
0.
0.
0.
-6.928203230275509
0.
114.31535329954589
0.
-381.051177665153
0.
285.78838324886476
0.
0.
0.
0.
0.
0.
0.
0.
1.
0.
-36.
0.
198.
0.
-220.
0.
0.
0.
0.
0.
0.
0.
0.
0.
0.
6.244997998398398
0.
-74.93997598078079
0.
137.38995596476477
0.
0.
0.
0.
0.
0.
0.
0.
0.
0.
0.
0.
16.522711641858304
0.
-66.09084656743322
0.
0.
0.
0.
0.
0.
0.
0.
0.
0.
0.
0.
0.
0.
21.330729007701542
0.
0.
0.
0.
0.
0.
0.
0.
0.
0.
0.
0.
0.
0.
0.
0.
0.
0.
0.
0.
0.
0.
0.
0.
0.
-10.246950765959598
0.
0.
0.
0.
0.
0.
0.
0.
0.
0.
0.
0.
0.
0.
34.39476704383968
0.
-5.291502622129181
0.
0.
0.
0.
0.
0.
0.
0.
0.
0.
0.
0.
-78.
0.
26.
0.
-1.
0.
0.
0.
0.
0.
0.
0.
0.
0.
0.
137.38995596476477
0.
-74.93997598078079
0.
6.244997998398398
0.
0.
0.
0.
0.
0.
0.
0.
0.
0.
-198.3053201505194
0.
158.64425612041552
0.
-21.633307652783934
0.
0.
0.
0.
0.
0.
0.
0.
0.
0.
240.6553552281769
0.
-267.3948391424188
0.
53.47896782848375
0.
0.
0.
0.
0.
0.
0.
0.
0.
0.
-248.54778212649575
0.
372.82167318974365
0.
-103.5615758860399
0.
0.
0.
0.
0.
0.
0.
0.
0.
0.
219.1985401411241
0.
-438.3970802822482
0.
164.39890510584308
0.
0.
0.
0.
0.
0.
0.
0.
0.
0.
-164.39890510584308
0.
438.3970802822482
0.
-219.1985401411241
0.
0.
0.
0.
0.
0.
0.
0.
0.
0.
103.5615758860399
0.
-372.82167318974365
0.
248.54778212649575
0.
0.
0.
0.
0.
0.
0.
0.
0.
0.
-53.47896782848375
0.
267.3948391424188
0.
-240.6553552281769
0.
0.
0.
0.
0.
0.
0.
0.
0.
0.
21.633307652783934
0.
-158.64425612041552
0.
198.3053201505194
0.
0.
0.
0.
0.
0.
0.
0.
0.
0.
-6.244997998398398
0.
74.93997598078079
0.
-137.38995596476477
0.
0.
0.
0.
0.
0.
0.
0.
0.
0.
1.
0.
-26.
0.
78.
0.
0.
0.
0.
0.
0.
0.
0.
0.
0.
0.
0.
5.291502622129181
0.
-34.39476704383968
0.
0.
0.
0.
0.
0.
0.
0.
0.
0.
0.
0.
0.
0.
10.246950765959598
0.
0.
0.
0.
0.
0.
0.
0.
0.
0.
0.
0.
0.
0.
0.
0.
0.
0.
0.
0.
0.
0.
0.
0.
0.
0.
0.
3.872983346207417
0.
0.
0.
0.
0.
0.
0.
0.
0.
0.
0.
0.
0.
0.
-14.
0.
1.
0.
0.
0.
0.
0.
0.
0.
0.
0.
0.
0.
0.
34.39476704383968
0.
-5.291502622129181
0.
0.
0.
0.
0.
0.
0.
0.
0.
0.
0.
0.
-66.09084656743322
0.
16.522711641858304
0.
0.
0.
0.
0.
0.
0.
0.
0.
0.
0.
0.
104.93331215586402
0.
-38.157568056677825
0.
0.
0.
0.
0.
0.
0.
0.
0.
0.
0.
0.
-141.49204924659193
0.
70.74602462329597
0.
0.
0.
0.
0.
0.
0.
0.
0.
0.
0.
0.
164.39890510584308
0.
-109.59927007056206
0.
0.
0.
0.
0.
0.
0.
0.
0.
0.
0.
0.
-165.69852141766384
0.
144.98620624045586
0.
0.
0.
0.
0.
0.
0.
0.
0.
0.
0.
0.
144.98620624045586
0.
-165.69852141766384
0.
0.
0.
0.
0.
0.
0.
0.
0.
0.
0.
0.
-109.59927007056206
0.
164.39890510584308
0.
0.
0.
0.
0.
0.
0.
0.
0.
0.
0.
0.
70.74602462329597
0.
-141.49204924659193
0.
0.
0.
0.
0.
0.
0.
0.
0.
0.
0.
0.
-38.157568056677825
0.
104.93331215586402
0.
0.
0.
0.
0.
0.
0.
0.
0.
0.
0.
0.
16.522711641858304
0.
-66.09084656743322
0.
0.
0.
0.
0.
0.
0.
0.
0.
0.
0.
0.
-5.291502622129181
0.
34.39476704383968
0.
0.
0.
0.
0.
0.
0.
0.
0.
0.
0.
0.
1.
0.
-14.
0.
0.
0.
0.
0.
0.
0.
0.
0.
0.
0.
0.
0.
0.
3.872983346207417
0.
0.
0.
0.
0.
0.
0.
0.
0.
0.
0.
0.
0.
0.
0.
0.
0.
0.
0.
0.
0.
0.
0.
0.
0.
0.
0.
0.
0.
-1.
0.
0.
0.
0.
0.
0.
0.
0.
0.
0.
0.
0.
0.
0.
3.872983346207417
0.
0.
0.
0.
0.
0.
0.
0.
0.
0.
0.
0.
0.
0.
-10.246950765959598
0.
0.
0.
0.
0.
0.
0.
0.
0.
0.
0.
0.
0.
0.
21.330729007701542
0.
0.
0.
0.
0.
0.
0.
0.
0.
0.
0.
0.
0.
0.
-36.945906403822335
0.
0.
0.
0.
0.
0.
0.
0.
0.
0.
0.
0.
0.
0.
54.79963503528103
0.
0.
0.
0.
0.
0.
0.
0.
0.
0.
0.
0.
0.
0.
-70.74602462329597
0.
0.
0.
0.
0.
0.
0.
0.
0.
0.
0.
0.
0.
0.
80.21845174272563
0.
0.
0.
0.
0.
0.
0.
0.
0.
0.
0.
0.
0.
0.
-80.21845174272563
0.
0.
0.
0.
0.
0.
0.
0.
0.
0.
0.
0.
0.
0.
70.74602462329597
0.
0.
0.
0.
0.
0.
0.
0.
0.
0.
0.
0.
0.
0.
-54.79963503528103
0.
0.
0.
0.
0.
0.
0.
0.
0.
0.
0.
0.
0.
0.
36.945906403822335
0.
0.
0.
0.
0.
0.
0.
0.
0.
0.
0.
0.
0.
0.
-21.330729007701542
0.
0.
0.
0.
0.
0.
0.
0.
0.
0.
0.
0.
0.
0.
10.246950765959598
0.
0.
0.
0.
0.
0.
0.
0.
0.
0.
0.
0.
0.
0.
-3.872983346207417
0.
0.
0.
0.
0.
0.
0.
0.
0.
0.
0.
0.
0.
0.
1.
0.
0.
0.
0.
0.
0.
0.
0.
0.
0.
0.
0.
0.
0.
0.