0.
0.
0.
0.
0.
0.
0.
0.
0.
0.
0.
0.
0.
0.
-15.
0.
0.
0.
0.
0.
0.
0.
0.
0.
0.
0.
0.
0.
0.
-54.22176684690384
0.
3.872983346207417
0.
0.
0.
0.
0.
0.
0.
0.
0.
0.
0.
0.
-133.21035995747476
0.
20.493901531919196
0.
0.
0.
0.
0.
0.
0.
0.
0.
0.
0.
0.
-255.9687480924185
0.
63.99218702310463
0.
0.
0.
0.
0.
0.
0.
0.
0.
0.
0.
0.
-406.4049704420457
0.
147.78362561528934
0.
0.
0.
0.
0.
0.
0.
0.
0.
0.
0.
0.
-547.9963503528103
0.
273.99817517640514
0.
0.
0.
0.
0.
0.
0.
0.
0.
0.
0.
0.
-636.7142216096637
0.
424.4761477397758
0.
0.
0.
0.
0.
0.
0.
0.
0.
0.
0.
0.
-641.7476139418051
0.
561.5291621990795
0.
0.
0.
0.
0.
0.
0.
0.
0.
0.
0.
0.
-561.5291621990795
0.
641.7476139418051
0.
0.
0.
0.
0.
0.
0.
0.
0.
0.
0.
0.
-424.4761477397758
0.
636.7142216096637
0.
0.
0.
0.
0.
0.
0.
0.
0.
0.
0.
0.
-273.99817517640514
0.
547.9963503528103
0.
0.
0.
0.
0.
0.
0.
0.
0.
0.
0.
0.
-147.78362561528934
0.
406.4049704420457
0.
0.
0.
0.
0.
0.
0.
0.
0.
0.
0.
0.
-63.99218702310463
0.
255.9687480924185
0.
0.
0.
0.
0.
0.
0.
0.
0.
0.
0.
0.
-20.493901531919196
0.
133.21035995747476
0.
0.
0.
0.
0.
0.
0.
0.
0.
0.
0.
0.
-3.872983346207417
0.
54.22176684690384
0.
0.
0.
0.
0.
0.
0.
0.
0.
0.
0.
0.
0.
0.
15.
0.
0.
0.
0.
0.
0.
0.
0.
0.
0.
0.
0.
0.
0.
0.
0.
0.
0.
0.
0.
0.
0.
0.
0.
0.
0.
0.
54.22176684690384
0.
-3.872983346207417
0.
0.
0.
0.
0.
0.
0.
0.
0.
0.
0.
0.
182.
0.
-43.
0.
0.
0.
0.
0.
0.
0.
0.
0.
0.
0.
0.
412.73720452607614
0.
-177.26533784132758
0.
5.291502622129181
0.
0.
0.
0.
0.
0.
0.
0.
0.
0.
726.9993122417654
0.
-479.15863761389085
0.
33.04542328371661
0.
0.
0.
0.
0.
0.
0.
0.
0.
0.
1049.3331215586402
0.
-982.557377459454
0.
114.47270417003347
0.
0.
0.
0.
0.
0.
0.
0.
0.
0.
1273.4284432193274
0.
-1627.1585663358073
0.
282.98409849318386
0.
0.
0.
0.
0.
0.
0.
0.
0.
0.
1315.1912408467447
0.
-2246.785036446522
0.
547.9963503528103
0.
0.
0.
0.
0.
0.
0.
0.
0.
0.
1159.8896499236469
0.
-2630.4640275054135
0.
869.9172374427352
0.
0.
0.
0.
0.
0.
0.
0.
0.
0.
869.9172374427352
0.
-2630.4640275054135
0.
1159.8896499236469
0.
0.
0.
0.
0.
0.
0.
0.
0.
0.
547.9963503528103
0.
-2246.785036446522
0.
1315.1912408467447
0.
0.
0.
0.
0.
0.
0.
0.
0.
0.
282.98409849318386
0.
-1627.1585663358073
0.
1273.4284432193274
0.
0.
0.
0.
0.
0.
0.
0.
0.
0.
114.47270417003347
0.
-982.557377459454
0.
1049.3331215586402
0.
0.
0.
0.
0.
0.
0.
0.
0.
0.
33.04542328371661
0.
-479.15863761389085
0.
726.9993122417654
0.
0.
0.
0.
0.
0.
0.
0.
0.
0.
5.291502622129181
0.
-177.26533784132758
0.
412.73720452607614
0.
0.
0.
0.
0.
0.
0.
0.
0.
0.
0.
0.
-43.
0.
182.
0.
0.
0.
0.
0.
0.
0.
0.
0.
0.
0.
0.
-3.872983346207417
0.
54.22176684690384
0.
0.
0.
0.
0.
0.
0.
0.
0.
0.
0.
0.
0.
0.
0.
0.
0.
0.
0.
0.
0.
0.
0.
0.
0.
-133.21035995747476
0.
20.493901531919196
0.
0.
0.
0.
0.
0.
0.
0.
0.
0.
0.
0.
-412.73720452607614
0.
177.26533784132758
0.
-5.291502622129181
0.
0.
0.
0.
0.
0.
0.
0.
0.
0.
-858.
0.
650.
0.
-67.
0.
0.
0.
0.
0.
0.
0.
0.
0.
0.
-1373.8995596476477
0.
1586.2294915931932
0.
-312.2498999199199
0.
6.244997998398398
0.
0.
0.
0.
0.
0.
0.
0.
-1784.7478813546745
0.
2934.9187382276873
0.
-915.8100239678532
0.
43.26661530556787
0.
0.
0.
0.
0.
0.
0.
0.
-1925.242841825415
0.
4358.535878021426
0.
-1978.7218096538988
0.
160.43690348545127
0.
0.
0.
0.
0.
0.
0.
0.
-1739.8344748854704
0.
5343.777315719659
0.
-3376.107373884901
0.
414.2463035441596
0.
0.
0.
0.
0.
0.
0.
0.
-1315.1912408467447
0.
5479.963503528103
0.
-4712.768613034168
0.
821.9945255292155
0.
0.
0.
0.
0.
0.
0.
0.
-821.9945255292155
0.
4712.768613034168
0.
-5479.963503528103
0.
1315.1912408467447
0.
0.
0.
0.
0.
0.
0.
0.
-414.2463035441596
0.
3376.107373884901
0.
-5343.777315719659
0.
1739.8344748854704
0.
0.
0.
0.
0.
0.
0.
0.
-160.43690348545127
0.
1978.7218096538988
0.
-4358.535878021426
0.
1925.242841825415
0.
0.
0.
0.
0.
0.
0.
0.
-43.26661530556787
0.
915.8100239678532
0.
-2934.9187382276873
0.
1784.7478813546745
0.
0.
0.
0.
0.
0.
0.
0.
-6.244997998398398
0.
312.2498999199199
0.
-1586.2294915931932
0.
1373.8995596476477
0.
0.
0.
0.
0.
0.
0.
0.
0.
0.
67.
0.
-650.
0.
858.
0.
0.
0.
0.
0.
0.
0.
0.
0.
0.
5.291502622129181
0.
-177.26533784132758
0.
412.73720452607614
0.
0.
0.
0.
0.
0.
0.
0.
0.
0.
0.
0.
-20.493901531919196
0.
133.21035995747476
0.
0.
0.
0.
0.
0.
0.
0.
0.
0.
0.
0.
0.
0.
0.
0.
0.
0.
0.
0.
0.
0.
0.
255.9687480924185
0.
-63.99218702310463
0.
0.
0.
0.
0.
0.
0.
0.
0.
0.
0.
0.
726.9993122417654
0.
-479.15863761389085
0.
33.04542328371661
0.
0.
0.
0.
0.
0.
0.
0.
0.
0.
1373.8995596476477
0.
-1586.2294915931932
0.
312.2498999199199
0.
-6.244997998398398
0.
0.
0.
0.
0.
0.
0.
0.
1980.
0.
-3498.
0.
1260.
0.
-87.
0.
0.
0.
0.
0.
0.
0.
0.
2286.307065990918
0.
-5811.0304593935825
0.
3277.0401279203156
0.
-439.9409051224948
0.
6.928203230275509
0.
0.
0.
0.
0.
0.
2157.9990732157416
0.
-7668.603849463082
0.
6294.163963545913
0.
-1361.5946533385038
0.
51.38093031466052
0.
0.
0.
0.
0.
0.
1671.5788943391215
0.
-8238.495979242813
0.
9492.180149997153
0.
-3034.711683175191
0.
198.997487421324
0.
0.
0.
0.
0.
0.
1052.9957264870548
0.
-7265.670512760677
0.
11582.952991357603
0.
-5238.653739273097
0.
526.4978632435274
0.
0.
0.
0.
0.
0.
526.4978632435274
0.
-5238.653739273097
0.
11582.952991357603
0.
-7265.670512760677
0.
1052.9957264870548
0.
0.
0.
0.
0.
0.
198.997487421324
0.
-3034.711683175191
0.
9492.180149997153
0.
-8238.495979242813
0.
1671.5788943391215
0.
0.
0.
0.
0.
0.
51.38093031466052
0.
-1361.5946533385038
0.
6294.163963545913
0.
-7668.603849463082
0.
2157.9990732157416
0.
0.
0.
0.
0.
0.
6.928203230275509
0.
-439.9409051224948
0.
3277.0401279203156
0.
-5811.0304593935825
0.
2286.307065990918
0.
0.
0.
0.
0.
0.
0.
0.
-87.
0.
1260.
0.
-3498.
0.
1980.
0.
0.
0.
0.
0.
0.
0.
0.
-6.244997998398398
0.
312.2498999199199
0.
-1586.2294915931932
0.
1373.8995596476477
0.
0.
0.
0.
0.
0.
0.
0.
0.
0.
33.04542328371661
0.
-479.15863761389085
0.
726.9993122417654
0.
0.
0.
0.
0.
0.
0.
0.
0.
0.
0.
0.
-63.99218702310463
0.
255.9687480924185
0.
0.
0.
0.
0.
0.
0.
0.
0.
0.
0.
0.
0.
0.
0.
0.
0.
0.
0.
0.
0.
-406.4049704420457
0.
147.78362561528934
0.
0.
0.
0.
0.
0.
0.
0.
0.
0.
0.
0.
-1049.3331215586402
0.
982.557377459454
0.
-114.47270417003347
0.
0.
0.
0.
0.
0.
0.
0.
0.
0.
-1784.7478813546745
0.
2934.9187382276873
0.
-915.8100239678532
0.
43.26661530556787
0.
0.
0.
0.
0.
0.
0.
0.
-2286.307065990918
0.
5811.0304593935825
0.
-3277.0401279203156
0.
439.9409051224948
0.
-6.928203230275509
0.
0.
0.
0.
0.
0.
-2310.
0.
8580.
0.
-7590.
0.
1892.
0.
-103.
0.
0.
0.
0.
0.
0.
-1868.8820187481072
0.
9922.873575733996
0.
-12904.185367546454
0.
5117.176956096007
0.
-548.7986880450791
0.
7.416198487095663
0.
0.
0.
0.
-1206.358155772986
0.
9168.321983874694
0.
-17026.883684338718
0.
9995.53900497617
0.
-1752.0916071940987
0.
57.445626465380286
0.
0.
0.
0.
-607.9473661428266
0.
6778.613132492516
0.
-17873.652564599102
0.
15016.299943727816
0.
-3951.6578799283725
0.
227.98026230355995
0.
0.
0.
0.
-227.98026230355995
0.
3951.6578799283725
0.
-15016.299943727816
0.
17873.652564599102
0.
-6778.613132492516
0.
607.9473661428266
0.
0.
0.
0.
-57.445626465380286
0.
1752.0916071940987
0.
-9995.53900497617
0.
17026.883684338718
0.
-9168.321983874694
0.
1206.358155772986
0.
0.
0.
0.
-7.416198487095663
0.
548.7986880450791
0.
-5117.176956096007
0.
12904.185367546454
0.
-9922.873575733996
0.
1868.8820187481072
0.
0.
0.
0.
0.
0.
103.
0.
-1892.
0.
7590.
0.
-8580.
0.
2310.
0.
0.
0.
0.
0.
0.
6.928203230275509
0.
-439.9409051224948
0.
3277.0401279203156
0.
-5811.0304593935825
0.
2286.307065990918
0.
0.
0.
0.
0.
0.
0.
0.
-43.26661530556787
0.
915.8100239678532
0.
-2934.9187382276873
0.
1784.7478813546745
0.
0.
0.
0.
0.
0.
0.
0.
0.
0.
114.47270417003347
0.
-982.557377459454
0.
1049.3331215586402
0.
0.
0.
0.
0.
0.
0.
0.
0.
0.
0.
0.
-147.78362561528934
0.
406.4049704420457
0.
0.
0.
0.
0.
0.
0.
0.
0.
0.
0.
0.
0.
0.
0.
0.
0.
0.
0.
547.9963503528103
0.
-273.99817517640514
0.
0.
0.
0.
0.
0.
0.
0.
0.
0.
0.
0.
1273.4284432193274
0.
-1627.1585663358073
0.
282.98409849318386
0.
0.
0.
0.
0.
0.
0.
0.
0.
0.
1925.242841825415
0.
-4358.535878021426
0.
1978.7218096538988
0.
-160.43690348545127
0.
0.
0.
0.
0.
0.
0.
0.
2157.9990732157416
0.
-7668.603849463082
0.
6294.163963545913
0.
-1361.5946533385038
0.
51.38093031466052
0.
0.
0.
0.
0.
0.
1868.8820187481072
0.
-9922.873575733996
0.
12904.185367546454
0.
-5117.176956096007
0.
548.7986880450791
0.
-7.416198487095663
0.
0.
0.
0.
1260.
0.
-9870.
0.
19200.
0.
-12150.
0.
2450.
0.
-115.
0.
0.
0.
0.
650.661202162846
0.
-7645.2691254134415
0.
21797.150272455343
0.
-20681.731068747606
0.
6738.991022400905
0.
-631.296285431809
0.
7.745966692414834
0.
0.
245.92681838303037
0.
-4570.14004161798
0.
19223.279636940206
0.
-26683.059794558794
0.
13116.096980428285
0.
-2039.14320242596
0.
61.48170459575759
0.
0.
61.48170459575759
0.
-2039.14320242596
0.
13116.096980428285
0.
-26683.059794558794
0.
19223.279636940206
0.
-4570.14004161798
0.
245.92681838303037
0.
0.
7.745966692414834
0.
-631.296285431809
0.
6738.991022400905
0.
-20681.731068747606
0.
21797.150272455343
0.
-7645.2691254134415
0.
650.661202162846
0.
0.
0.
0.
-115.
0.
2450.
0.
-12150.
0.
19200.
0.
-9870.
0.
1260.
0.
0.
0.
0.
-7.416198487095663
0.
548.7986880450791
0.
-5117.176956096007
0.
12904.185367546454
0.
-9922.873575733996
0.
1868.8820187481072
0.
0.
0.
0.
0.
0.
51.38093031466052
0.
-1361.5946533385038
0.
6294.163963545913
0.
-7668.603849463082
0.
2157.9990732157416
0.
0.
0.
0.
0.
0.
0.
0.
-160.43690348545127
0.
1978.7218096538988
0.
-4358.535878021426
0.
1925.242841825415
0.
0.
0.
0.
0.
0.
0.
0.
0.
0.
282.98409849318386
0.
-1627.1585663358073
0.
1273.4284432193274
0.
0.
0.
0.
0.
0.
0.
0.
0.
0.
0.
0.
-273.99817517640514
0.
547.9963503528103
0.
0.
0.
0.
0.
0.
0.
0.
0.
0.
0.
0.
0.
0.
0.
0.
0.
-636.7142216096637
0.
424.4761477397758
0.
0.
0.
0.
0.
0.
0.
0.
0.
0.
0.
0.
-1315.1912408467447
0.
2246.785036446522
0.
-547.9963503528103
0.
0.
0.
0.
0.
0.
0.
0.
0.
0.
-1739.8344748854704
0.
5343.777315719659
0.
-3376.107373884901
0.
414.2463035441596
0.
0.
0.
0.
0.
0.
0.
0.
-1671.5788943391215
0.
8238.495979242813
0.
-9492.180149997153
0.
3034.711683175191
0.
-198.997487421324
0.
0.
0.
0.
0.
0.
-1206.358155772986
0.
9168.321983874694
0.
-17026.883684338718
0.
9995.53900497617
0.
-1752.0916071940987
0.
57.445626465380286
0.
0.
0.
0.
-650.661202162846
0.
7645.2691254134415
0.
-21797.150272455343
0.
20681.731068747606
0.
-6738.991022400905
0.
631.296285431809
0.
-7.745966692414834
0.
0.
-252.
0.
4788.
0.
-20790.
0.
30240.
0.
-16020.
0.
2862.
0.
-123.
0.
0.
-63.49803146555018
0.
2190.682085561481
0.
-14890.288378671517
0.
32780.85874409028
0.
-26669.173215531075
0.
7842.006885995447
0.
-682.6038382546644
0.
7.937253933193772
-7.937253933193772
0.
682.6038382546644
0.
-7842.006885995447
0.
26669.173215531075
0.
-32780.85874409028
0.
14890.288378671517
0.
-2190.682085561481
0.
63.49803146555018
0.
0.
123.
0.
-2862.
0.
16020.
0.
-30240.
0.
20790.
0.
-4788.
0.
252.
0.
0.
7.745966692414834
0.
-631.296285431809
0.
6738.991022400905
0.
-20681.731068747606
0.
21797.150272455343
0.
-7645.2691254134415
0.
650.661202162846
0.
0.
0.
0.
-57.445626465380286
0.
1752.0916071940987
0.
-9995.53900497617
0.
17026.883684338718
0.
-9168.321983874694
0.
1206.358155772986
0.
0.
0.
0.
0.
0.
198.997487421324
0.
-3034.711683175191
0.
9492.180149997153
0.
-8238.495979242813
0.
1671.5788943391215
0.
0.
0.
0.
0.
0.
0.
0.
-414.2463035441596
0.
3376.107373884901
0.
-5343.777315719659
0.
1739.8344748854704
0.
0.
0.
0.
0.
0.
0.
0.
0.
0.
547.9963503528103
0.
-2246.785036446522
0.
1315.1912408467447
0.
0.
0.
0.
0.
0.
0.
0.
0.
0.
0.
0.
-424.4761477397758
0.
636.7142216096637
0.
0.
0.
0.
0.
0.
0.
0.
0.
0.
0.
0.
0.
0.
0.
641.7476139418051
0.
-561.5291621990795
0.
0.
0.
0.
0.
0.
0.
0.
0.
0.
0.
0.
1159.8896499236469
0.
-2630.4640275054135
0.
869.9172374427352
0.
0.
0.
0.
0.
0.
0.
0.
0.
0.
1315.1912408467447
0.
-5479.963503528103
0.
4712.768613034168
0.
-821.9945255292155
0.
0.
0.
0.
0.
0.
0.
0.
1052.9957264870548
0.
-7265.670512760677
0.
11582.952991357603
0.
-5238.653739273097
0.
526.4978632435274
0.
0.
0.
0.
0.
0.
607.9473661428266
0.
-6778.613132492516
0.
17873.652564599102
0.
-15016.299943727816
0.
3951.6578799283725
0.
-227.98026230355995
0.
0.
0.
0.
245.92681838303037
0.
-4570.14004161798
0.
19223.279636940206
0.
-26683.059794558794
0.
13116.096980428285
0.
-2039.14320242596
0.
61.48170459575759
0.
0.
63.49803146555018
0.
-2190.682085561481
0.
14890.288378671517
0.
-32780.85874409028
0.
26669.173215531075
0.
-7842.006885995447
0.
682.6038382546644
0.
-7.937253933193772
8.
0.
-700.
0.
8232.
0.
-28910.
0.
37240.
0.
-18228.
0.
3080.
0.
-127.
0.
0.
-127.
0.
3080.
0.
-18228.
0.
37240.
0.
-28910.
0.
8232.
0.
-700.
0.
8.
-7.937253933193772
0.
682.6038382546644
0.
-7842.006885995447
0.
26669.173215531075
0.
-32780.85874409028
0.
14890.288378671517
0.
-2190.682085561481
0.
63.49803146555018
0.
0.
61.48170459575759
0.
-2039.14320242596
0.
13116.096980428285
0.
-26683.059794558794
0.
19223.279636940206
0.
-4570.14004161798
0.
245.92681838303037
0.
0.
0.
0.
-227.98026230355995
0.
3951.6578799283725
0.
-15016.299943727816
0.
17873.652564599102
0.
-6778.613132492516
0.
607.9473661428266
0.
0.
0.
0.
0.
0.
526.4978632435274
0.
-5238.653739273097
0.
11582.952991357603
0.
-7265.670512760677
0.
1052.9957264870548
0.
0.
0.
0.
0.
0.
0.
0.
-821.9945255292155
0.
4712.768613034168
0.
-5479.963503528103
0.
1315.1912408467447
0.
0.
0.
0.
0.
0.
0.
0.
0.
0.
869.9172374427352
0.
-2630.4640275054135
0.
1159.8896499236469
0.
0.
0.
0.
0.
0.
0.
0.
0.
0.
0.
0.
-561.5291621990795
0.
641.7476139418051
0.
0.
0.
0.
0.
0.
0.
0.
0.
0.
0.
0.
0.
-561.5291621990795
0.
641.7476139418051
0.
0.
0.
0.
0.
0.
0.
0.
0.
0.
0.
0.
-869.9172374427352
0.
2630.4640275054135
0.
-1159.8896499236469
0.
0.
0.
0.
0.
0.
0.
0.
0.
0.
-821.9945255292155
0.
4712.768613034168
0.
-5479.963503528103
0.
1315.1912408467447
0.
0.
0.
0.
0.
0.
0.
0.
-526.4978632435274
0.
5238.653739273097
0.
-11582.952991357603
0.
7265.670512760677
0.
-1052.9957264870548
0.
0.
0.
0.
0.
0.
-227.98026230355995
0.
3951.6578799283725
0.
-15016.299943727816
0.
17873.652564599102
0.
-6778.613132492516
0.
607.9473661428266
0.
0.
0.
0.
-61.48170459575759
0.
2039.14320242596
0.
-13116.096980428285
0.
26683.059794558794
0.
-19223.279636940206
0.
4570.14004161798
0.
-245.92681838303037
0.
0.
-7.937253933193772
0.
682.6038382546644
0.
-7842.006885995447
0.
26669.173215531075
0.
-32780.85874409028
0.
14890.288378671517
0.
-2190.682085561481
0.
63.49803146555018
0.
0.
127.
0.
-3080.
0.
18228.
0.
-37240.
0.
28910.
0.
-8232.
0.
700.
0.
-8.
8.
0.
-700.
0.
8232.
0.
-28910.
0.
37240.
0.
-18228.
0.
3080.
0.
-127.
0.
0.
-63.49803146555018
0.
2190.682085561481
0.
-14890.288378671517
0.
32780.85874409028
0.
-26669.173215531075
0.
7842.006885995447
0.
-682.6038382546644
0.
7.937253933193772
0.
0.
245.92681838303037
0.
-4570.14004161798
0.
19223.279636940206
0.
-26683.059794558794
0.
13116.096980428285
0.
-2039.14320242596
0.
61.48170459575759
0.
0.
0.
0.
-607.9473661428266
0.
6778.613132492516
0.
-17873.652564599102
0.
15016.299943727816
0.
-3951.6578799283725
0.
227.98026230355995
0.
0.
0.
0.
0.
0.
1052.9957264870548
0.
-7265.670512760677
0.
11582.952991357603
0.
-5238.653739273097
0.
526.4978632435274
0.
0.
0.
0.
0.
0.
0.
0.
-1315.1912408467447
0.
5479.963503528103
0.
-4712.768613034168
0.
821.9945255292155
0.
0.
0.
0.
0.
0.
0.
0.
0.
0.
1159.8896499236469
0.
-2630.4640275054135
0.
869.9172374427352
0.
0.
0.
0.
0.
0.
0.
0.
0.
0.
0.
0.
-641.7476139418051
0.
561.5291621990795
0.
0.
0.
0.
0.
0.
0.
0.
0.
0.
0.
424.4761477397758
0.
-636.7142216096637
0.
0.
0.
0.
0.
0.
0.
0.
0.
0.
0.
0.
547.9963503528103
0.
-2246.785036446522
0.
1315.1912408467447
0.
0.
0.
0.
0.
0.
0.
0.
0.
0.
414.2463035441596
0.
-3376.107373884901
0.
5343.777315719659
0.
-1739.8344748854704
0.
0.
0.
0.
0.
0.
0.
0.
198.997487421324
0.
-3034.711683175191
0.
9492.180149997153
0.
-8238.495979242813
0.
1671.5788943391215
0.
0.
0.
0.
0.
0.
57.445626465380286
0.
-1752.0916071940987
0.
9995.53900497617
0.
-17026.883684338718
0.
9168.321983874694
0.
-1206.358155772986
0.
0.
0.
0.
7.745966692414834
0.
-631.296285431809
0.
6738.991022400905
0.
-20681.731068747606
0.
21797.150272455343
0.
-7645.2691254134415
0.
650.661202162846
0.
0.
0.
0.
-123.
0.
2862.
0.
-16020.
0.
30240.
0.
-20790.
0.
4788.
0.
-252.
0.
0.
-7.937253933193772
0.
682.6038382546644
0.
-7842.006885995447
0.
26669.173215531075
0.
-32780.85874409028
0.
14890.288378671517
0.
-2190.682085561481
0.
63.49803146555018
0.
0.
63.49803146555018
0.
-2190.682085561481
0.
14890.288378671517
0.
-32780.85874409028
0.
26669.173215531075
0.
-7842.006885995447
0.
682.6038382546644
0.
-7.937253933193772
0.
0.
-252.
0.
4788.
0.
-20790.
0.
30240.
0.
-16020.
0.
2862.
0.
-123.
0.
0.
0.
0.
650.661202162846
0.
-7645.2691254134415
0.
21797.150272455343
0.
-20681.731068747606
0.
6738.991022400905
0.
-631.296285431809
0.
7.745966692414834
0.
0.
0.
0.
-1206.358155772986
0.
9168.321983874694
0.
-17026.883684338718
0.
9995.53900497617
0.
-1752.0916071940987
0.
57.445626465380286
0.
0.
0.
0.
0.
0.
1671.5788943391215
0.
-8238.495979242813
0.
9492.180149997153
0.
-3034.711683175191
0.
198.997487421324
0.
0.
0.
0.
0.
0.
0.
0.
-1739.8344748854704
0.
5343.777315719659
0.
-3376.107373884901
0.
414.2463035441596
0.
0.
0.
0.
0.
0.
0.
0.
0.
0.
1315.1912408467447
0.
-2246.785036446522
0.
547.9963503528103
0.
0.
0.
0.
0.
0.
0.
0.
0.
0.
0.
0.
-636.7142216096637
0.
424.4761477397758
0.
0.
0.
0.
0.
0.
0.
0.
0.
-273.99817517640514
0.
547.9963503528103
0.
0.
0.
0.
0.
0.
0.
0.
0.
0.
0.
0.
-282.98409849318386
0.
1627.1585663358073
0.
-1273.4284432193274
0.
0.
0.
0.
0.
0.
0.
0.
0.
0.
-160.43690348545127
0.
1978.7218096538988
0.
-4358.535878021426
0.
1925.242841825415
0.
0.
0.
0.
0.
0.
0.
0.
-51.38093031466052
0.
1361.5946533385038
0.
-6294.163963545913
0.
7668.603849463082
0.
-2157.9990732157416
0.
0.
0.
0.
0.
0.
-7.416198487095663
0.
548.7986880450791
0.
-5117.176956096007
0.
12904.185367546454
0.
-9922.873575733996
0.
1868.8820187481072
0.
0.
0.
0.
0.
0.
115.
0.
-2450.
0.
12150.
0.
-19200.
0.
9870.
0.
-1260.
0.
0.
0.
0.
7.745966692414834
0.
-631.296285431809
0.
6738.991022400905
0.
-20681.731068747606
0.
21797.150272455343
0.
-7645.2691254134415
0.
650.661202162846
0.
0.
0.
0.
-61.48170459575759
0.
2039.14320242596
0.
-13116.096980428285
0.
26683.059794558794
0.
-19223.279636940206
0.
4570.14004161798
0.
-245.92681838303037
0.
0.
0.
0.
245.92681838303037
0.
-4570.14004161798
0.
19223.279636940206
0.
-26683.059794558794
0.
13116.096980428285
0.
-2039.14320242596
0.
61.48170459575759
0.
0.
0.
0.
-650.661202162846
0.
7645.2691254134415
0.
-21797.150272455343
0.
20681.731068747606
0.
-6738.991022400905
0.
631.296285431809
0.
-7.745966692414834
0.
0.
0.
0.
1260.
0.
-9870.
0.
19200.
0.
-12150.
0.
2450.
0.
-115.
0.
0.
0.
0.
0.
0.
-1868.8820187481072
0.
9922.873575733996
0.
-12904.185367546454
0.
5117.176956096007
0.
-548.7986880450791
0.
7.416198487095663
0.
0.
0.
0.
0.
0.
2157.9990732157416
0.
-7668.603849463082
0.
6294.163963545913
0.
-1361.5946533385038
0.
51.38093031466052
0.
0.
0.
0.
0.
0.
0.
0.
-1925.242841825415
0.
4358.535878021426
0.
-1978.7218096538988
0.
160.43690348545127
0.
0.
0.
0.
0.
0.
0.
0.
0.
0.
1273.4284432193274
0.
-1627.1585663358073
0.
282.98409849318386
0.
0.
0.
0.
0.
0.
0.
0.
0.
0.
0.
0.
-547.9963503528103
0.
273.99817517640514
0.
0.
0.
0.
0.
0.
0.
147.78362561528934
0.
-406.4049704420457
0.
0.
0.
0.
0.
0.
0.
0.
0.
0.
0.
0.
114.47270417003347
0.
-982.557377459454
0.
1049.3331215586402
0.
0.
0.
0.
0.
0.
0.
0.
0.
0.
43.26661530556787
0.
-915.8100239678532
0.
2934.9187382276873
0.
-1784.7478813546745
0.
0.
0.
0.
0.
0.
0.
0.
6.928203230275509
0.
-439.9409051224948
0.
3277.0401279203156
0.
-5811.0304593935825
0.
2286.307065990918
0.
0.
0.
0.
0.
0.
0.
0.
-103.
0.
1892.
0.
-7590.
0.
8580.
0.
-2310.
0.
0.
0.
0.
0.
0.
-7.416198487095663
0.
548.7986880450791
0.
-5117.176956096007
0.
12904.185367546454
0.
-9922.873575733996
0.
1868.8820187481072
0.
0.
0.
0.
0.
0.
57.445626465380286
0.
-1752.0916071940987
0.
9995.53900497617
0.
-17026.883684338718
0.
9168.321983874694
0.
-1206.358155772986
0.
0.
0.
0.
0.
0.
-227.98026230355995
0.
3951.6578799283725
0.
-15016.299943727816
0.
17873.652564599102
0.
-6778.613132492516
0.
607.9473661428266
0.
0.
0.
0.
0.
0.
607.9473661428266
0.
-6778.613132492516
0.
17873.652564599102
0.
-15016.299943727816
0.
3951.6578799283725
0.
-227.98026230355995
0.
0.
0.
0.
0.
0.
-1206.358155772986
0.
9168.321983874694
0.
-17026.883684338718
0.
9995.53900497617
0.
-1752.0916071940987
0.
57.445626465380286
0.
0.
0.
0.
0.
0.
1868.8820187481072
0.
-9922.873575733996
0.
12904.185367546454
0.
-5117.176956096007
0.
548.7986880450791
0.
-7.416198487095663
0.
0.
0.
0.
0.
0.
-2310.
0.
8580.
0.
-7590.
0.
1892.
0.
-103.
0.
0.
0.
0.
0.
0.
0.
0.
2286.307065990918
0.
-5811.0304593935825
0.
3277.0401279203156
0.
-439.9409051224948
0.
6.928203230275509
0.
0.
0.
0.
0.
0.
0.
0.
-1784.7478813546745
0.
2934.9187382276873
0.
-915.8100239678532
0.
43.26661530556787
0.
0.
0.
0.
0.
0.
0.
0.
0.
0.
1049.3331215586402
0.
-982.557377459454
0.
114.47270417003347
0.
0.
0.
0.
0.
0.
0.
0.
0.
0.
0.
0.
-406.4049704420457
0.
147.78362561528934
0.
0.
0.
0.
0.
-63.99218702310463
0.
255.9687480924185
0.
0.
0.
0.
0.
0.
0.
0.
0.
0.
0.
0.
-33.04542328371661
0.
479.15863761389085
0.
-726.9993122417654
0.
0.
0.
0.
0.
0.
0.
0.
0.
0.
-6.244997998398398
0.
312.2498999199199
0.
-1586.2294915931932
0.
1373.8995596476477
0.
0.
0.
0.
0.
0.
0.
0.
0.
0.
87.
0.
-1260.
0.
3498.
0.
-1980.
0.
0.
0.
0.
0.
0.
0.
0.
6.928203230275509
0.
-439.9409051224948
0.
3277.0401279203156
0.
-5811.0304593935825
0.
2286.307065990918
0.
0.
0.
0.
0.
0.
0.
0.
-51.38093031466052
0.
1361.5946533385038
0.
-6294.163963545913
0.
7668.603849463082
0.
-2157.9990732157416
0.
0.
0.
0.
0.
0.
0.
0.
198.997487421324
0.
-3034.711683175191
0.
9492.180149997153
0.
-8238.495979242813
0.
1671.5788943391215
0.
0.
0.
0.
0.
0.
0.
0.
-526.4978632435274
0.
5238.653739273097
0.
-11582.952991357603
0.
7265.670512760677
0.
-1052.9957264870548
0.
0.
0.
0.
0.
0.
0.
0.
1052.9957264870548
0.
-7265.670512760677
0.
11582.952991357603
0.
-5238.653739273097
0.
526.4978632435274
0.
0.
0.
0.
0.
0.
0.
0.
-1671.5788943391215
0.
8238.495979242813
0.
-9492.180149997153
0.
3034.711683175191
0.
-198.997487421324
0.
0.
0.
0.
0.
0.
0.
0.
2157.9990732157416
0.
-7668.603849463082
0.
6294.163963545913
0.
-1361.5946533385038
0.
51.38093031466052
0.
0.
0.
0.
0.
0.
0.
0.
-2286.307065990918
0.
5811.0304593935825
0.
-3277.0401279203156
0.
439.9409051224948
0.
-6.928203230275509
0.
0.
0.
0.
0.
0.
0.
0.
1980.
0.
-3498.
0.
1260.
0.
-87.
0.
0.
0.
0.
0.
0.
0.
0.
0.
0.
-1373.8995596476477
0.
1586.2294915931932
0.
-312.2498999199199
0.
6.244997998398398
0.
0.
0.
0.
0.
0.
0.
0.
0.
0.
726.9993122417654
0.
-479.15863761389085
0.
33.04542328371661
0.
0.
0.
0.
0.
0.
0.
0.
0.
0.
0.
0.
-255.9687480924185
0.
63.99218702310463
0.
0.
0.
20.493901531919196
0.
-133.21035995747476
0.
0.
0.
0.
0.
0.
0.
0.
0.
0.
0.
0.
5.291502622129181
0.
-177.26533784132758
0.
412.73720452607614
0.
0.
0.
0.
0.
0.
0.
0.
0.
0.
0.
0.
-67.
0.
650.
0.
-858.
0.
0.
0.
0.
0.
0.
0.
0.
0.
0.
-6.244997998398398
0.
312.2498999199199
0.
-1586.2294915931932
0.
1373.8995596476477
0.
0.
0.
0.
0.
0.
0.
0.
0.
0.
43.26661530556787
0.
-915.8100239678532
0.
2934.9187382276873
0.
-1784.7478813546745
0.
0.
0.
0.
0.
0.
0.
0.
0.
0.
-160.43690348545127
0.
1978.7218096538988
0.
-4358.535878021426
0.
1925.242841825415
0.
0.
0.
0.
0.
0.
0.
0.
0.
0.
414.2463035441596
0.
-3376.107373884901
0.
5343.777315719659
0.
-1739.8344748854704
0.
0.
0.
0.
0.
0.
0.
0.
0.
0.
-821.9945255292155
0.
4712.768613034168
0.
-5479.963503528103
0.
1315.1912408467447
0.
0.
0.
0.
0.
0.
0.
0.
0.
0.
1315.1912408467447
0.
-5479.963503528103
0.
4712.768613034168
0.
-821.9945255292155
0.
0.
0.
0.
0.
0.
0.
0.
0.
0.
-1739.8344748854704
0.
5343.777315719659
0.
-3376.107373884901
0.
414.2463035441596
0.
0.
0.
0.
0.
0.
0.
0.
0.
0.
1925.242841825415
0.
-4358.535878021426
0.
1978.7218096538988
0.
-160.43690348545127
0.
0.
0.
0.
0.
0.
0.
0.
0.
0.
-1784.7478813546745
0.
2934.9187382276873
0.
-915.8100239678532
0.
43.26661530556787
0.
0.
0.
0.
0.
0.
0.
0.
0.
0.
1373.8995596476477
0.
-1586.2294915931932
0.
312.2498999199199
0.
-6.244997998398398
0.
0.
0.
0.
0.
0.
0.
0.
0.
0.
-858.
0.
650.
0.
-67.
0.
0.
0.
0.
0.
0.
0.
0.
0.
0.
0.
0.
412.73720452607614
0.
-177.26533784132758
0.
5.291502622129181
0.
0.
0.
0.
0.
0.
0.
0.
0.
0.
0.
0.
-133.21035995747476
0.
20.493901531919196
0.
-3.872983346207417
0.
54.22176684690384
0.
0.
0.
0.
0.
0.
0.
0.
0.
0.
0.
0.
0.
0.
43.
0.
-182.
0.
0.
0.
0.
0.
0.
0.
0.
0.
0.
0.
0.
5.291502622129181
0.
-177.26533784132758
0.
412.73720452607614
0.
0.
0.
0.
0.
0.
0.
0.
0.
0.
0.
0.
-33.04542328371661
0.
479.15863761389085
0.
-726.9993122417654
0.
0.
0.
0.
0.
0.
0.
0.
0.
0.
0.
0.
114.47270417003347
0.
-982.557377459454
0.
1049.3331215586402
0.
0.
0.
0.
0.
0.
0.
0.
0.
0.
0.
0.
-282.98409849318386
0.
1627.1585663358073
0.
-1273.4284432193274
0.
0.
0.
0.
0.
0.
0.
0.
0.
0.
0.
0.
547.9963503528103
0.
-2246.785036446522
0.
1315.1912408467447
0.
0.
0.
0.
0.
0.
0.
0.
0.
0.
0.
0.
-869.9172374427352
0.
2630.4640275054135
0.
-1159.8896499236469
0.
0.
0.
0.
0.
0.
0.
0.
0.
0.
0.
0.
1159.8896499236469
0.
-2630.4640275054135
0.
869.9172374427352
0.
0.
0.
0.
0.
0.
0.
0.
0.
0.
0.
0.
-1315.1912408467447
0.
2246.785036446522
0.
-547.9963503528103
0.
0.
0.
0.
0.
0.
0.
0.
0.
0.
0.
0.
1273.4284432193274
0.
-1627.1585663358073
0.
282.98409849318386
0.
0.
0.
0.
0.
0.
0.
0.
0.
0.
0.
0.
-1049.3331215586402
0.
982.557377459454
0.
-114.47270417003347
0.
0.
0.
0.
0.
0.
0.
0.
0.
0.
0.
0.
726.9993122417654
0.
-479.15863761389085
0.
33.04542328371661
0.
0.
0.
0.
0.
0.
0.
0.
0.
0.
0.
0.
-412.73720452607614
0.
177.26533784132758
0.
-5.291502622129181
0.
0.
0.
0.
0.
0.
0.
0.
0.
0.
0.
0.
182.
0.
-43.
0.
0.
0.
0.
0.
0.
0.
0.
0.
0.
0.
0.
0.
0.
-54.22176684690384
0.
3.872983346207417
0.
-15.
0.
0.
0.
0.
0.
0.
0.
0.
0.
0.
0.
0.
0.
0.
-3.872983346207417
0.
54.22176684690384
0.
0.
0.
0.
0.
0.
0.
0.
0.
0.
0.
0.
0.
0.
20.493901531919196
0.
-133.21035995747476
0.
0.
0.
0.
0.
0.
0.
0.
0.
0.
0.
0.
0.
0.
-63.99218702310463
0.
255.9687480924185
0.
0.
0.
0.
0.
0.
0.
0.
0.
0.
0.
0.
0.
0.
147.78362561528934
0.
-406.4049704420457
0.
0.
0.
0.
0.
0.
0.
0.
0.
0.
0.
0.
0.
0.
-273.99817517640514
0.
547.9963503528103
0.
0.
0.
0.
0.
0.
0.
0.
0.
0.
0.
0.
0.
0.
424.4761477397758
0.
-636.7142216096637
0.
0.
0.
0.
0.
0.
0.
0.
0.
0.
0.
0.
0.
0.
-561.5291621990795
0.
641.7476139418051
0.
0.
0.
0.
0.
0.
0.
0.
0.
0.
0.
0.
0.
0.
641.7476139418051
0.
-561.5291621990795
0.
0.
0.
0.
0.
0.
0.
0.
0.
0.
0.
0.
0.
0.
-636.7142216096637
0.
424.4761477397758
0.
0.
0.
0.
0.
0.
0.
0.
0.
0.
0.
0.
0.
0.
547.9963503528103
0.
-273.99817517640514
0.
0.
0.
0.
0.
0.
0.
0.
0.
0.
0.
0.
0.
0.
-406.4049704420457
0.
147.78362561528934
0.
0.
0.
0.
0.
0.
0.
0.
0.
0.
0.
0.
0.
0.
255.9687480924185
0.
-63.99218702310463
0.
0.
0.
0.
0.
0.
0.
0.
0.
0.
0.
0.
0.
0.
-133.21035995747476
0.
20.493901531919196
0.
0.
0.
0.
0.
0.
0.
0.
0.
0.
0.
0.
0.
0.
54.22176684690384
0.
-3.872983346207417
0.
0.
0.
0.
0.
0.
0.
0.
0.
0.
0.
0.
0.
0.
-15.
0.