1.
0.
0.
0.
0.
0.
0.
0.
0.
0.
0.
0.
0.
0.
0.
0.
0.
0.
4.
0.
0.
0.
0.
0.
0.
0.
0.
0.
0.
0.
0.
0.
0.
0.
0.
0.
10.954451150103322
0.
0.
0.
0.
0.
0.
0.
0.
0.
0.
0.
0.
0.
0.
0.
0.
0.
23.664319132398465
0.
0.
0.
0.
0.
0.
0.
0.
0.
0.
0.
0.
0.
0.
0.
0.
0.
42.661458015403085
0.
0.
0.
0.
0.
0.
0.
0.
0.
0.
0.
0.
0.
0.
0.
0.
0.
66.09084656743322
0.
0.
0.
0.
0.
0.
0.
0.
0.
0.
0.
0.
0.
0.
0.
0.
0.
89.48742928478838
0.
0.
0.
0.
0.
0.
0.
0.
0.
0.
0.
0.
0.
0.
0.
0.
0.
106.9579356569675
0.
0.
0.
0.
0.
0.
0.
0.
0.
0.
0.
0.
0.
0.
0.
0.
0.
113.44602240713422
0.
0.
0.
0.
0.
0.
0.
0.
0.
0.
0.
0.
0.
0.
0.
0.
0.
106.9579356569675
0.
0.
0.
0.
0.
0.
0.
0.
0.
0.
0.
0.
0.
0.
0.
0.
0.
89.48742928478838
0.
0.
0.
0.
0.
0.
0.
0.
0.
0.
0.
0.
0.
0.
0.
0.
0.
66.09084656743322
0.
0.
0.
0.
0.
0.
0.
0.
0.
0.
0.
0.
0.
0.
0.
0.
0.
42.661458015403085
0.
0.
0.
0.
0.
0.
0.
0.
0.
0.
0.
0.
0.
0.
0.
0.
0.
23.664319132398465
0.
0.
0.
0.
0.
0.
0.
0.
0.
0.
0.
0.
0.
0.
0.
0.
0.
10.954451150103322
0.
0.
0.
0.
0.
0.
0.
0.
0.
0.
0.
0.
0.
0.
0.
0.
0.
4.
0.
0.
0.
0.
0.
0.
0.
0.
0.
0.
0.
0.
0.
0.
0.
0.
0.
1.
0.
-4.
0.
0.
0.
0.
0.
0.
0.
0.
0.
0.
0.
0.
0.
0.
0.
1.
0.
-15.
0.
0.
0.
0.
0.
0.
0.
0.
0.
0.
0.
0.
0.
0.
0.
5.477225575051661
0.
-38.34057902536163
0.
0.
0.
0.
0.
0.
0.
0.
0.
0.
0.
0.
0.
0.
0.
17.74823934929885
0.
-76.90903718029502
0.
0.
0.
0.
0.
0.
0.
0.
0.
0.
0.
0.
0.
0.
0.
42.661458015403085
0.
-127.98437404620925
0.
0.
0.
0.
0.
0.
0.
0.
0.
0.
0.
0.
0.
0.
0.
82.61355820929153
0.
-181.74982806044136
0.
0.
0.
0.
0.
0.
0.
0.
0.
0.
0.
0.
0.
0.
0.
134.23114392718256
0.
-223.71857321197095
0.
0.
0.
0.
0.
0.
0.
0.
0.
0.
0.
0.
0.
0.
0.
187.17638739969314
0.
-240.6553552281769
0.
0.
0.
0.
0.
0.
0.
0.
0.
0.
0.
0.
0.
0.
0.
226.89204481426844
0.
-226.89204481426844
0.
0.
0.
0.
0.
0.
0.
0.
0.
0.
0.
0.
0.
0.
0.
240.6553552281769
0.
-187.17638739969314
0.
0.
0.
0.
0.
0.
0.
0.
0.
0.
0.
0.
0.
0.
0.
223.71857321197095
0.
-134.23114392718256
0.
0.
0.
0.
0.
0.
0.
0.
0.
0.
0.
0.
0.
0.
0.
181.74982806044136
0.
-82.61355820929153
0.
0.
0.
0.
0.
0.
0.
0.
0.
0.
0.
0.
0.
0.
0.
127.98437404620925
0.
-42.661458015403085
0.
0.
0.
0.
0.
0.
0.
0.
0.
0.
0.
0.
0.
0.
0.
76.90903718029502
0.
-17.74823934929885
0.
0.
0.
0.
0.
0.
0.
0.
0.
0.
0.
0.
0.
0.
0.
38.34057902536163
0.
-5.477225575051661
0.
0.
0.
0.
0.
0.
0.
0.
0.
0.
0.
0.
0.
0.
0.
15.
0.
-1.
0.
0.
0.
0.
0.
0.
0.
0.
0.
0.
0.
0.
0.
0.
0.
4.
0.
0.
0.
10.954451150103322
0.
0.
0.
0.
0.
0.
0.
0.
0.
0.
0.
0.
0.
0.
0.
-5.477225575051661
0.
38.34057902536163
0.
0.
0.
0.
0.
0.
0.
0.
0.
0.
0.
0.
0.
1.
0.
-28.
0.
91.
0.
0.
0.
0.
0.
0.
0.
0.
0.
0.
0.
0.
0.
6.48074069840786
0.
-84.24962907930218
0.
168.49925815860436
0.
0.
0.
0.
0.
0.
0.
0.
0.
0.
0.
0.
0.
23.366642891095847
0.
-186.93314312876677
0.
257.03307180205434
0.
0.
0.
0.
0.
0.
0.
0.
0.
0.
0.
0.
0.
60.332412515993425
0.
-331.82826883796383
0.
331.82826883796383
0.
0.
0.
0.
0.
0.
0.
0.
0.
0.
0.
0.
0.
122.53570908106747
0.
-490.14283632426987
0.
367.6071272432024
0.
0.
0.
0.
0.
0.
0.
0.
0.
0.
0.
0.
0.
205.04145922227534
0.
-615.124377666826
0.
351.4996443810434
0.
0.
0.
0.
0.
0.
0.
0.
0.
0.
0.
0.
0.
289.9724124809117
0.
-662.7940856706554
0.
289.9724124809117
0.
0.
0.
0.
0.
0.
0.
0.
0.
0.
0.
0.
0.
351.4996443810434
0.
-615.124377666826
0.
205.04145922227534
0.
0.
0.
0.
0.
0.
0.
0.
0.
0.
0.
0.
0.
367.6071272432024
0.
-490.14283632426987
0.
122.53570908106747
0.
0.
0.
0.
0.
0.
0.
0.
0.
0.
0.
0.
0.
331.82826883796383
0.
-331.82826883796383
0.
60.332412515993425
0.
0.
0.
0.
0.
0.
0.
0.
0.
0.
0.
0.
0.
257.03307180205434
0.
-186.93314312876677
0.
23.366642891095847
0.
0.
0.
0.
0.
0.
0.
0.
0.
0.
0.
0.
0.
168.49925815860436
0.
-84.24962907930218
0.
6.48074069840786
0.
0.
0.
0.
0.
0.
0.
0.
0.
0.
0.
0.
0.
91.
0.
-28.
0.
1.
0.
0.
0.
0.
0.
0.
0.
0.
0.
0.
0.
0.
0.
38.34057902536163
0.
-5.477225575051661
0.
0.
0.
0.
0.
0.
0.
0.
0.
0.
0.
0.
0.
0.
0.
10.954451150103322
0.
0.
0.
0.
0.
-23.664319132398465
0.
0.
0.
0.
0.
0.
0.
0.
0.
0.
0.
0.
0.
0.
0.
17.74823934929885
0.
-76.90903718029502
0.
0.
0.
0.
0.
0.
0.
0.
0.
0.
0.
0.
0.
-6.48074069840786
0.
84.24962907930218
0.
-168.49925815860436
0.
0.
0.
0.
0.
0.
0.
0.
0.
0.
0.
1.
0.
-39.
0.
234.
0.
-286.
0.
0.
0.
0.
0.
0.
0.
0.
0.
0.
0.
7.211102550927978
0.
-129.79984591670362
0.
475.9327683612466
0.
-396.6106403010388
0.
0.
0.
0.
0.
0.
0.
0.
0.
0.
0.
27.92848008753788
0.
-307.2132809629167
0.
768.0332024072917
0.
-460.81992144437504
0.
0.
0.
0.
0.
0.
0.
0.
0.
0.
0.
75.63068160475615
0.
-567.2301120356711
0.
1021.014201664208
0.
-453.7840896285369
0.
0.
0.
0.
0.
0.
0.
0.
0.
0.
0.
158.19292019556374
0.
-854.2417690560443
0.
1138.989025408059
0.
-379.66300846935303
0.
0.
0.
0.
0.
0.
0.
0.
0.
0.
0.
268.4622878543651
0.
-1073.8491514174605
0.
1073.8491514174605
0.
-268.4622878543651
0.
0.
0.
0.
0.
0.
0.
0.
0.
0.
0.
379.66300846935303
0.
-1138.989025408059
0.
854.2417690560443
0.
-158.19292019556374
0.
0.
0.
0.
0.
0.
0.
0.
0.
0.
0.
453.7840896285369
0.
-1021.014201664208
0.
567.2301120356711
0.
-75.63068160475615
0.
0.
0.
0.
0.
0.
0.
0.
0.
0.
0.
460.81992144437504
0.
-768.0332024072917
0.
307.2132809629167
0.
-27.92848008753788
0.
0.
0.
0.
0.
0.
0.
0.
0.
0.
0.
396.6106403010388
0.
-475.9327683612466
0.
129.79984591670362
0.
-7.211102550927978
0.
0.
0.
0.
0.
0.
0.
0.
0.
0.
0.
286.
0.
-234.
0.
39.
0.
-1.
0.
0.
0.
0.
0.
0.
0.
0.
0.
0.
0.
168.49925815860436
0.
-84.24962907930218
0.
6.48074069840786
0.
0.
0.
0.
0.
0.
0.
0.
0.
0.
0.
0.
0.
76.90903718029502
0.
-17.74823934929885
0.
0.
0.
0.
0.
0.
0.
0.
0.
0.
0.
0.
0.
0.
0.
23.664319132398465
0.
0.
0.
0.
0.
0.
0.
42.661458015403085
0.
0.
0.
0.
0.
0.
0.
0.
0.
0.
0.
0.
0.
0.
0.
-42.661458015403085
0.
127.98437404620925
0.
0.
0.
0.
0.
0.
0.
0.
0.
0.
0.
0.
0.
23.366642891095847
0.
-186.93314312876677
0.
257.03307180205434
0.
0.
0.
0.
0.
0.
0.
0.
0.
0.
0.
-7.211102550927978
0.
129.79984591670362
0.
-475.9327683612466
0.
396.6106403010388
0.
0.
0.
0.
0.
0.
0.
0.
0.
1.
0.
-48.
0.
396.
0.
-880.
0.
495.
0.
0.
0.
0.
0.
0.
0.
0.
0.
7.745966692414834
0.
-170.41126723312635
0.
852.0563361656317
0.
-1278.0845042484477
0.
511.23380169937906
0.
0.
0.
0.
0.
0.
0.
0.
0.
31.464265445104544
0.
-419.52353926806063
0.
1415.8919450297046
0.
-1510.2847413650181
0.
440.49971623146365
0.
0.
0.
0.
0.
0.
0.
0.
0.
87.74964387392123
0.
-789.746794865291
0.
1895.3923076766985
0.
-1474.1940170818766
0.
315.8987179461164
0.
0.
0.
0.
0.
0.
0.
0.
0.
186.14510468986285
0.
-1191.3286700151223
0.
2084.825172526464
0.
-1191.3286700151223
0.
186.14510468986285
0.
0.
0.
0.
0.
0.
0.
0.
0.
315.8987179461164
0.
-1474.1940170818766
0.
1895.3923076766985
0.
-789.746794865291
0.
87.74964387392123
0.
0.
0.
0.
0.
0.
0.
0.
0.
440.49971623146365
0.
-1510.2847413650181
0.
1415.8919450297046
0.
-419.52353926806063
0.
31.464265445104544
0.
0.
0.
0.
0.
0.
0.
0.
0.
511.23380169937906
0.
-1278.0845042484477
0.
852.0563361656317
0.
-170.41126723312635
0.
7.745966692414834
0.
0.
0.
0.
0.
0.
0.
0.
0.
495.
0.
-880.
0.
396.
0.
-48.
0.
1.
0.
0.
0.
0.
0.
0.
0.
0.
0.
396.6106403010388
0.
-475.9327683612466
0.
129.79984591670362
0.
-7.211102550927978
0.
0.
0.
0.
0.
0.
0.
0.
0.
0.
0.
257.03307180205434
0.
-186.93314312876677
0.
23.366642891095847
0.
0.
0.
0.
0.
0.
0.
0.
0.
0.
0.
0.
0.
127.98437404620925
0.
-42.661458015403085
0.
0.
0.
0.
0.
0.
0.
0.
0.
0.
0.
0.
0.
0.
0.
42.661458015403085
0.
0.
0.
0.
0.
0.
0.
0.
0.
-66.09084656743322
0.
0.
0.
0.
0.
0.
0.
0.
0.
0.
0.
0.
0.
0.
0.
82.61355820929153
0.
-181.74982806044136
0.
0.
0.
0.
0.
0.
0.
0.
0.
0.
0.
0.
0.
-60.332412515993425
0.
331.82826883796383
0.
-331.82826883796383
0.
0.
0.
0.
0.
0.
0.
0.
0.
0.
0.
27.92848008753788
0.
-307.2132809629167
0.
768.0332024072917
0.
-460.81992144437504
0.
0.
0.
0.
0.
0.
0.
0.
0.
-7.745966692414834
0.
170.41126723312635
0.
-852.0563361656317
0.
1278.0845042484477
0.
-511.23380169937906
0.
0.
0.
0.
0.
0.
0.
1.
0.
-55.
0.
550.
0.
-1650.
0.
1650.
0.
-462.
0.
0.
0.
0.
0.
0.
0.
8.12403840463596
0.
-203.10096011589903
0.
1218.605760695394
0.
-2437.211521390788
0.
1706.0480649735518
0.
-341.20961299471037
0.
0.
0.
0.
0.
0.
0.
33.98529093593286
0.
-509.77936403899287
0.
2039.1174561559715
0.
-2854.76443861836
0.
1427.38221930918
0.
-203.91174561559717
0.
0.
0.
0.
0.
0.
0.
96.12491872558333
0.
-961.2491872558332
0.
2691.497724316333
0.
-2691.497724316333
0.
961.2491872558332
0.
-96.12491872558333
0.
0.
0.
0.
0.
0.
0.
203.91174561559717
0.
-1427.38221930918
0.
2854.76443861836
0.
-2039.1174561559715
0.
509.77936403899287
0.
-33.98529093593286
0.
0.
0.
0.
0.
0.
0.
341.20961299471037
0.
-1706.0480649735518
0.
2437.211521390788
0.
-1218.605760695394
0.
203.10096011589903
0.
-8.12403840463596
0.
0.
0.
0.
0.
0.
0.
462.
0.
-1650.
0.
1650.
0.
-550.
0.
55.
0.
-1.
0.
0.
0.
0.
0.
0.
0.
511.23380169937906
0.
-1278.0845042484477
0.
852.0563361656317
0.
-170.41126723312635
0.
7.745966692414834
0.
0.
0.
0.
0.
0.
0.
0.
0.
460.81992144437504
0.
-768.0332024072917
0.
307.2132809629167
0.
-27.92848008753788
0.
0.
0.
0.
0.
0.
0.
0.
0.
0.
0.
331.82826883796383
0.
-331.82826883796383
0.
60.332412515993425
0.
0.
0.
0.
0.
0.
0.
0.
0.
0.
0.
0.
0.
181.74982806044136
0.
-82.61355820929153
0.
0.
0.
0.
0.
0.
0.
0.
0.
0.
0.
0.
0.
0.
0.
66.09084656743322
0.
0.
0.
0.
0.
0.
0.
0.
0.
0.
0.
89.48742928478838
0.
0.
0.
0.
0.
0.
0.
0.
0.
0.
0.
0.
0.
0.
0.
-134.23114392718256
0.
223.71857321197095
0.
0.
0.
0.
0.
0.
0.
0.
0.
0.
0.
0.
0.
122.53570908106747
0.
-490.14283632426987
0.
367.6071272432024
0.
0.
0.
0.
0.
0.
0.
0.
0.
0.
0.
-75.63068160475615
0.
567.2301120356711
0.
-1021.014201664208
0.
453.7840896285369
0.
0.
0.
0.
0.
0.
0.
0.
0.
31.464265445104544
0.
-419.52353926806063
0.
1415.8919450297046
0.
-1510.2847413650181
0.
440.49971623146365
0.
0.
0.
0.
0.
0.
0.
-8.12403840463596
0.
203.10096011589903
0.
-1218.605760695394
0.
2437.211521390788
0.
-1706.0480649735518
0.
341.20961299471037
0.
0.
0.
0.
0.
1.
0.
-60.
0.
675.
0.
-2400.
0.
3150.
0.
-1512.
0.
210.
0.
0.
0.
0.
0.
8.366600265340756
0.
-225.89820716420041
0.
1505.988047761336
0.
-3513.9721114431172
0.
3162.5749002988055
0.
-1054.1916334329353
0.
100.39920318408906
0.
0.
0.
0.
0.
35.4964786985977
0.
-567.9436591775632
0.
2484.753508901839
0.
-3975.605614242942
0.
2484.753508901839
0.
-567.9436591775632
0.
35.4964786985977
0.
0.
0.
0.
0.
100.39920318408906
0.
-1054.1916334329353
0.
3162.5749002988055
0.
-3513.9721114431172
0.
1505.988047761336
0.
-225.89820716420041
0.
8.366600265340756
0.
0.
0.
0.
0.
210.
0.
-1512.
0.
3150.
0.
-2400.
0.
675.
0.
-60.
0.
1.
0.
0.
0.
0.
0.
341.20961299471037
0.
-1706.0480649735518
0.
2437.211521390788
0.
-1218.605760695394
0.
203.10096011589903
0.
-8.12403840463596
0.
0.
0.
0.
0.
0.
0.
440.49971623146365
0.
-1510.2847413650181
0.
1415.8919450297046
0.
-419.52353926806063
0.
31.464265445104544
0.
0.
0.
0.
0.
0.
0.
0.
0.
453.7840896285369
0.
-1021.014201664208
0.
567.2301120356711
0.
-75.63068160475615
0.
0.
0.
0.
0.
0.
0.
0.
0.
0.
0.
367.6071272432024
0.
-490.14283632426987
0.
122.53570908106747
0.
0.
0.
0.
0.
0.
0.
0.
0.
0.
0.
0.
0.
223.71857321197095
0.
-134.23114392718256
0.
0.
0.
0.
0.
0.
0.
0.
0.
0.
0.
0.
0.
0.
0.
89.48742928478838
0.
0.
0.
0.
0.
0.
0.
0.
0.
0.
0.
0.
0.
-106.9579356569675
0.
0.
0.
0.
0.
0.
0.
0.
0.
0.
0.
0.
0.
0.
0.
187.17638739969314
0.
-240.6553552281769
0.
0.
0.
0.
0.
0.
0.
0.
0.
0.
0.
0.
0.
-205.04145922227534
0.
615.124377666826
0.
-351.4996443810434
0.
0.
0.
0.
0.
0.
0.
0.
0.
0.
0.
158.19292019556374
0.
-854.2417690560443
0.
1138.989025408059
0.
-379.66300846935303
0.
0.
0.
0.
0.
0.
0.
0.
0.
-87.74964387392123
0.
789.746794865291
0.
-1895.3923076766985
0.
1474.1940170818766
0.
-315.8987179461164
0.
0.
0.
0.
0.
0.
0.
33.98529093593286
0.
-509.77936403899287
0.
2039.1174561559715
0.
-2854.76443861836
0.
1427.38221930918
0.
-203.91174561559717
0.
0.
0.
0.
0.
-8.366600265340756
0.
225.89820716420041
0.
-1505.988047761336
0.
3513.9721114431172
0.
-3162.5749002988055
0.
1054.1916334329353
0.
-100.39920318408906
0.
0.
0.
1.
0.
-63.
0.
756.
0.
-2940.
0.
4410.
0.
-2646.
0.
588.
0.
-36.
0.
0.
0.
8.485281374238571
0.
-237.58787847867998
0.
1663.1151493507598
0.
-4157.787873376899
0.
4157.787873376899
0.
-1663.1151493507598
0.
237.58787847867998
0.
-8.485281374238571
0.
0.
0.
36.
0.
-588.
0.
2646.
0.
-4410.
0.
2940.
0.
-756.
0.
63.
0.
-1.
0.
0.
0.
100.39920318408906
0.
-1054.1916334329353
0.
3162.5749002988055
0.
-3513.9721114431172
0.
1505.988047761336
0.
-225.89820716420041
0.
8.366600265340756
0.
0.
0.
0.
0.
203.91174561559717
0.
-1427.38221930918
0.
2854.76443861836
0.
-2039.1174561559715
0.
509.77936403899287
0.
-33.98529093593286
0.
0.
0.
0.
0.
0.
0.
315.8987179461164
0.
-1474.1940170818766
0.
1895.3923076766985
0.
-789.746794865291
0.
87.74964387392123
0.
0.
0.
0.
0.
0.
0.
0.
0.
379.66300846935303
0.
-1138.989025408059
0.
854.2417690560443
0.
-158.19292019556374
0.
0.
0.
0.
0.
0.
0.
0.
0.
0.
0.
351.4996443810434
0.
-615.124377666826
0.
205.04145922227534
0.
0.
0.
0.
0.
0.
0.
0.
0.
0.
0.
0.
0.
240.6553552281769
0.
-187.17638739969314
0.
0.
0.
0.
0.
0.
0.
0.
0.
0.
0.
0.
0.
0.
0.
106.9579356569675
0.
0.
0.
0.
0.
0.
0.
0.
0.
0.
0.
0.
0.
0.
0.
113.44602240713422
0.
0.
0.
0.
0.
0.
0.
0.
0.
0.
0.
0.
0.
0.
0.
-226.89204481426844
0.
226.89204481426844
0.
0.
0.
0.
0.
0.
0.
0.
0.
0.
0.
0.
0.
289.9724124809117
0.
-662.7940856706554
0.
289.9724124809117
0.
0.
0.
0.
0.
0.
0.
0.
0.
0.
0.
-268.4622878543651
0.
1073.8491514174605
0.
-1073.8491514174605
0.
268.4622878543651
0.
0.
0.
0.
0.
0.
0.
0.
0.
186.14510468986285
0.
-1191.3286700151223
0.
2084.825172526464
0.
-1191.3286700151223
0.
186.14510468986285
0.
0.
0.
0.
0.
0.
0.
-96.12491872558333
0.
961.2491872558332
0.
-2691.497724316333
0.
2691.497724316333
0.
-961.2491872558332
0.
96.12491872558333
0.
0.
0.
0.
0.
35.4964786985977
0.
-567.9436591775632
0.
2484.753508901839
0.
-3975.605614242942
0.
2484.753508901839
0.
-567.9436591775632
0.
35.4964786985977
0.
0.
0.
-8.485281374238571
0.
237.58787847867998
0.
-1663.1151493507598
0.
4157.787873376899
0.
-4157.787873376899
0.
1663.1151493507598
0.
-237.58787847867998
0.
8.485281374238571
0.
1.
0.
-64.
0.
784.
0.
-3136.
0.
4900.
0.
-3136.
0.
784.
0.
-64.
0.
1.
0.
8.485281374238571
0.
-237.58787847867998
0.
1663.1151493507598
0.
-4157.787873376899
0.
4157.787873376899
0.
-1663.1151493507598
0.
237.58787847867998
0.
-8.485281374238571
0.
0.
0.
35.4964786985977
0.
-567.9436591775632
0.
2484.753508901839
0.
-3975.605614242942
0.
2484.753508901839
0.
-567.9436591775632
0.
35.4964786985977
0.
0.
0.
0.
0.
96.12491872558333
0.
-961.2491872558332
0.
2691.497724316333
0.
-2691.497724316333
0.
961.2491872558332
0.
-96.12491872558333
0.
0.
0.
0.
0.
0.
0.
186.14510468986285
0.
-1191.3286700151223
0.
2084.825172526464
0.
-1191.3286700151223
0.
186.14510468986285
0.
0.
0.
0.
0.
0.
0.
0.
0.
268.4622878543651
0.
-1073.8491514174605
0.
1073.8491514174605
0.
-268.4622878543651
0.
0.
0.
0.
0.
0.
0.
0.
0.
0.
0.
289.9724124809117
0.
-662.7940856706554
0.
289.9724124809117
0.
0.
0.
0.
0.
0.
0.
0.
0.
0.
0.
0.
0.
226.89204481426844
0.
-226.89204481426844
0.
0.
0.
0.
0.
0.
0.
0.
0.
0.
0.
0.
0.
0.
0.
113.44602240713422
0.
0.
0.
0.
0.
0.
0.
0.
0.
0.
0.
0.
0.
0.
0.
0.
0.
-106.9579356569675
0.
0.
0.
0.
0.
0.
0.
0.
0.
0.
0.
0.
0.
0.
0.
240.6553552281769
0.
-187.17638739969314
0.
0.
0.
0.
0.
0.
0.
0.
0.
0.
0.
0.
0.
-351.4996443810434
0.
615.124377666826
0.
-205.04145922227534
0.
0.
0.
0.
0.
0.
0.
0.
0.
0.
0.
379.66300846935303
0.
-1138.989025408059
0.
854.2417690560443
0.
-158.19292019556374
0.
0.
0.
0.
0.
0.
0.
0.
0.
-315.8987179461164
0.
1474.1940170818766
0.
-1895.3923076766985
0.
789.746794865291
0.
-87.74964387392123
0.
0.
0.
0.
0.
0.
0.
203.91174561559717
0.
-1427.38221930918
0.
2854.76443861836
0.
-2039.1174561559715
0.
509.77936403899287
0.
-33.98529093593286
0.
0.
0.
0.
0.
-100.39920318408906
0.
1054.1916334329353
0.
-3162.5749002988055
0.
3513.9721114431172
0.
-1505.988047761336
0.
225.89820716420041
0.
-8.366600265340756
0.
0.
0.
36.
0.
-588.
0.
2646.
0.
-4410.
0.
2940.
0.
-756.
0.
63.
0.
-1.
0.
-8.485281374238571
0.
237.58787847867998
0.
-1663.1151493507598
0.
4157.787873376899
0.
-4157.787873376899
0.
1663.1151493507598
0.
-237.58787847867998
0.
8.485281374238571
0.
1.
0.
-63.
0.
756.
0.
-2940.
0.
4410.
0.
-2646.
0.
588.
0.
-36.
0.
0.
0.
8.366600265340756
0.
-225.89820716420041
0.
1505.988047761336
0.
-3513.9721114431172
0.
3162.5749002988055
0.
-1054.1916334329353
0.
100.39920318408906
0.
0.
0.
0.
0.
33.98529093593286
0.
-509.77936403899287
0.
2039.1174561559715
0.
-2854.76443861836
0.
1427.38221930918
0.
-203.91174561559717
0.
0.
0.
0.
0.
0.
0.
87.74964387392123
0.
-789.746794865291
0.
1895.3923076766985
0.
-1474.1940170818766
0.
315.8987179461164
0.
0.
0.
0.
0.
0.
0.
0.
0.
158.19292019556374
0.
-854.2417690560443
0.
1138.989025408059
0.
-379.66300846935303
0.
0.
0.
0.
0.
0.
0.
0.
0.
0.
0.
205.04145922227534
0.
-615.124377666826
0.
351.4996443810434
0.
0.
0.
0.
0.
0.
0.
0.
0.
0.
0.
0.
0.
187.17638739969314
0.
-240.6553552281769
0.
0.
0.
0.
0.
0.
0.
0.
0.
0.
0.
0.
0.
0.
0.
106.9579356569675
0.
0.
0.
0.
0.
0.
0.
0.
0.
0.
0.
0.
0.
0.
0.
0.
0.
0.
0.
89.48742928478838
0.
0.
0.
0.
0.
0.
0.
0.
0.
0.
0.
0.
0.
0.
0.
-223.71857321197095
0.
134.23114392718256
0.
0.
0.
0.
0.
0.
0.
0.
0.
0.
0.
0.
0.
367.6071272432024
0.
-490.14283632426987
0.
122.53570908106747
0.
0.
0.
0.
0.
0.
0.
0.
0.
0.
0.
-453.7840896285369
0.
1021.014201664208
0.
-567.2301120356711
0.
75.63068160475615
0.
0.
0.
0.
0.
0.
0.
0.
0.
440.49971623146365
0.
-1510.2847413650181
0.
1415.8919450297046
0.
-419.52353926806063
0.
31.464265445104544
0.
0.
0.
0.
0.
0.
0.
-341.20961299471037
0.
1706.0480649735518
0.
-2437.211521390788
0.
1218.605760695394
0.
-203.10096011589903
0.
8.12403840463596
0.
0.
0.
0.
0.
210.
0.
-1512.
0.
3150.
0.
-2400.
0.
675.
0.
-60.
0.
1.
0.
0.
0.
-100.39920318408906
0.
1054.1916334329353
0.
-3162.5749002988055
0.
3513.9721114431172
0.
-1505.988047761336
0.
225.89820716420041
0.
-8.366600265340756
0.
0.
0.
35.4964786985977
0.
-567.9436591775632
0.
2484.753508901839
0.
-3975.605614242942
0.
2484.753508901839
0.
-567.9436591775632
0.
35.4964786985977
0.
0.
0.
-8.366600265340756
0.
225.89820716420041
0.
-1505.988047761336
0.
3513.9721114431172
0.
-3162.5749002988055
0.
1054.1916334329353
0.
-100.39920318408906
0.
0.
0.
1.
0.
-60.
0.
675.
0.
-2400.
0.
3150.
0.
-1512.
0.
210.
0.
0.
0.
0.
0.
8.12403840463596
0.
-203.10096011589903
0.
1218.605760695394
0.
-2437.211521390788
0.
1706.0480649735518
0.
-341.20961299471037
0.
0.
0.
0.
0.
0.
0.
31.464265445104544
0.
-419.52353926806063
0.
1415.8919450297046
0.
-1510.2847413650181
0.
440.49971623146365
0.
0.
0.
0.
0.
0.
0.
0.
0.
75.63068160475615
0.
-567.2301120356711
0.
1021.014201664208
0.
-453.7840896285369
0.
0.
0.
0.
0.
0.
0.
0.
0.
0.
0.
122.53570908106747
0.
-490.14283632426987
0.
367.6071272432024
0.
0.
0.
0.
0.
0.
0.
0.
0.
0.
0.
0.
0.
134.23114392718256
0.
-223.71857321197095
0.
0.
0.
0.
0.
0.
0.
0.
0.
0.
0.
0.
0.
0.
0.
89.48742928478838
0.
0.
0.
0.
0.
0.
0.
0.
0.
0.
0.
0.
0.
0.
0.
0.
0.
0.
0.
0.
0.
-66.09084656743322
0.
0.
0.
0.
0.
0.
0.
0.
0.
0.
0.
0.
0.
0.
0.
181.74982806044136
0.
-82.61355820929153
0.
0.
0.
0.
0.
0.
0.
0.
0.
0.
0.
0.
0.
-331.82826883796383
0.
331.82826883796383
0.
-60.332412515993425
0.
0.
0.
0.
0.
0.
0.
0.
0.
0.
0.
460.81992144437504
0.
-768.0332024072917
0.
307.2132809629167
0.
-27.92848008753788
0.
0.
0.
0.
0.
0.
0.
0.
0.
-511.23380169937906
0.
1278.0845042484477
0.
-852.0563361656317
0.
170.41126723312635
0.
-7.745966692414834
0.
0.
0.
0.
0.
0.
0.
462.
0.
-1650.
0.
1650.
0.
-550.
0.
55.
0.
-1.
0.
0.
0.
0.
0.
-341.20961299471037
0.
1706.0480649735518
0.
-2437.211521390788
0.
1218.605760695394
0.
-203.10096011589903
0.
8.12403840463596
0.
0.
0.
0.
0.
203.91174561559717
0.
-1427.38221930918
0.
2854.76443861836
0.
-2039.1174561559715
0.
509.77936403899287
0.
-33.98529093593286
0.
0.
0.
0.
0.
-96.12491872558333
0.
961.2491872558332
0.
-2691.497724316333
0.
2691.497724316333
0.
-961.2491872558332
0.
96.12491872558333
0.
0.
0.
0.
0.
33.98529093593286
0.
-509.77936403899287
0.
2039.1174561559715
0.
-2854.76443861836
0.
1427.38221930918
0.
-203.91174561559717
0.
0.
0.
0.
0.
-8.12403840463596
0.
203.10096011589903
0.
-1218.605760695394
0.
2437.211521390788
0.
-1706.0480649735518
0.
341.20961299471037
0.
0.
0.
0.
0.
1.
0.
-55.
0.
550.
0.
-1650.
0.
1650.
0.
-462.
0.
0.
0.
0.
0.
0.
0.
7.745966692414834
0.
-170.41126723312635
0.
852.0563361656317
0.
-1278.0845042484477
0.
511.23380169937906
0.
0.
0.
0.
0.
0.
0.
0.
0.
27.92848008753788
0.
-307.2132809629167
0.
768.0332024072917
0.
-460.81992144437504
0.
0.
0.
0.
0.
0.
0.
0.
0.
0.
0.
60.332412515993425
0.
-331.82826883796383
0.
331.82826883796383
0.
0.
0.
0.
0.
0.
0.
0.
0.
0.
0.
0.
0.
82.61355820929153
0.
-181.74982806044136
0.
0.
0.
0.
0.
0.
0.
0.
0.
0.
0.
0.
0.
0.
0.
66.09084656743322
0.
0.
0.
0.
0.
0.
0.
0.
0.
0.
0.
0.
0.
0.
0.
0.
0.
0.
0.
0.
0.
0.
0.
42.661458015403085
0.
0.
0.
0.
0.
0.
0.
0.
0.
0.
0.
0.
0.
0.
0.
-127.98437404620925
0.
42.661458015403085
0.
0.
0.
0.
0.
0.
0.
0.
0.
0.
0.
0.
0.
257.03307180205434
0.
-186.93314312876677
0.
23.366642891095847
0.
0.
0.
0.
0.
0.
0.
0.
0.
0.
0.
-396.6106403010388
0.
475.9327683612466
0.
-129.79984591670362
0.
7.211102550927978
0.
0.
0.
0.
0.
0.
0.
0.
0.
495.
0.
-880.
0.
396.
0.
-48.
0.
1.
0.
0.
0.
0.
0.
0.
0.
-511.23380169937906
0.
1278.0845042484477
0.
-852.0563361656317
0.
170.41126723312635
0.
-7.745966692414834
0.
0.
0.
0.
0.
0.
0.
440.49971623146365
0.
-1510.2847413650181
0.
1415.8919450297046
0.
-419.52353926806063
0.
31.464265445104544
0.
0.
0.
0.
0.
0.
0.
-315.8987179461164
0.
1474.1940170818766
0.
-1895.3923076766985
0.
789.746794865291
0.
-87.74964387392123
0.
0.
0.
0.
0.
0.
0.
186.14510468986285
0.
-1191.3286700151223
0.
2084.825172526464
0.
-1191.3286700151223
0.
186.14510468986285
0.
0.
0.
0.
0.
0.
0.
-87.74964387392123
0.
789.746794865291
0.
-1895.3923076766985
0.
1474.1940170818766
0.
-315.8987179461164
0.
0.
0.
0.
0.
0.
0.
31.464265445104544
0.
-419.52353926806063
0.
1415.8919450297046
0.
-1510.2847413650181
0.
440.49971623146365
0.
0.
0.
0.
0.
0.
0.
-7.745966692414834
0.
170.41126723312635
0.
-852.0563361656317
0.
1278.0845042484477
0.
-511.23380169937906
0.
0.
0.
0.
0.
0.
0.
1.
0.
-48.
0.
396.
0.
-880.
0.
495.
0.
0.
0.
0.
0.
0.
0.
0.
0.
7.211102550927978
0.
-129.79984591670362
0.
475.9327683612466
0.
-396.6106403010388
0.
0.
0.
0.
0.
0.
0.
0.
0.
0.
0.
23.366642891095847
0.
-186.93314312876677
0.
257.03307180205434
0.
0.
0.
0.
0.
0.
0.
0.
0.
0.
0.
0.
0.
42.661458015403085
0.
-127.98437404620925
0.
0.
0.
0.
0.
0.
0.
0.
0.
0.
0.
0.
0.
0.
0.
42.661458015403085
0.
0.
0.
0.
0.
0.
0.
0.
0.
0.
0.
0.
0.
0.
0.
0.
0.
0.
0.
0.
0.
0.
0.
0.
0.
-23.664319132398465
0.
0.
0.
0.
0.
0.
0.
0.
0.
0.
0.
0.
0.
0.
0.
76.90903718029502
0.
-17.74823934929885
0.
0.
0.
0.
0.
0.
0.
0.
0.
0.
0.
0.
0.
-168.49925815860436
0.
84.24962907930218
0.
-6.48074069840786
0.
0.
0.
0.
0.
0.
0.
0.
0.
0.
0.
286.
0.
-234.
0.
39.
0.
-1.
0.
0.
0.
0.
0.
0.
0.
0.
0.
-396.6106403010388
0.
475.9327683612466
0.
-129.79984591670362
0.
7.211102550927978
0.
0.
0.
0.
0.
0.
0.
0.
0.
460.81992144437504
0.
-768.0332024072917
0.
307.2132809629167
0.
-27.92848008753788
0.
0.
0.
0.
0.
0.
0.
0.
0.
-453.7840896285369
0.
1021.014201664208
0.
-567.2301120356711
0.
75.63068160475615
0.
0.
0.
0.
0.
0.
0.
0.
0.
379.66300846935303
0.
-1138.989025408059
0.
854.2417690560443
0.
-158.19292019556374
0.
0.
0.
0.
0.
0.
0.
0.
0.
-268.4622878543651
0.
1073.8491514174605
0.
-1073.8491514174605
0.
268.4622878543651
0.
0.
0.
0.
0.
0.
0.
0.
0.
158.19292019556374
0.
-854.2417690560443
0.
1138.989025408059
0.
-379.66300846935303
0.
0.
0.
0.
0.
0.
0.
0.
0.
-75.63068160475615
0.
567.2301120356711
0.
-1021.014201664208
0.
453.7840896285369
0.
0.
0.
0.
0.
0.
0.
0.
0.
27.92848008753788
0.
-307.2132809629167
0.
768.0332024072917
0.
-460.81992144437504
0.
0.
0.
0.
0.
0.
0.
0.
0.
-7.211102550927978
0.
129.79984591670362
0.
-475.9327683612466
0.
396.6106403010388
0.
0.
0.
0.
0.
0.
0.
0.
0.
1.
0.
-39.
0.
234.
0.
-286.
0.
0.
0.
0.
0.
0.
0.
0.
0.
0.
0.
6.48074069840786
0.
-84.24962907930218
0.
168.49925815860436
0.
0.
0.
0.
0.
0.
0.
0.
0.
0.
0.
0.
0.
17.74823934929885
0.
-76.90903718029502
0.
0.
0.
0.
0.
0.
0.
0.
0.
0.
0.
0.
0.
0.
0.
23.664319132398465
0.
0.
0.
0.
0.
0.
0.
0.
0.
0.
0.
0.
0.
0.
0.
0.
0.
0.
0.
0.
0.
0.
0.
0.
0.
0.
0.
10.954451150103322
0.
0.
0.
0.
0.
0.
0.
0.
0.
0.
0.
0.
0.
0.
0.
-38.34057902536163
0.
5.477225575051661
0.
0.
0.
0.
0.
0.
0.
0.
0.
0.
0.
0.
0.
91.
0.
-28.
0.
1.
0.
0.
0.
0.
0.
0.
0.
0.
0.
0.
0.
-168.49925815860436
0.
84.24962907930218
0.
-6.48074069840786
0.
0.
0.
0.
0.
0.
0.
0.
0.
0.
0.
257.03307180205434
0.
-186.93314312876677
0.
23.366642891095847
0.
0.
0.
0.
0.
0.
0.
0.
0.
0.
0.
-331.82826883796383
0.
331.82826883796383
0.
-60.332412515993425
0.
0.
0.
0.
0.
0.
0.
0.
0.
0.
0.
367.6071272432024
0.
-490.14283632426987
0.
122.53570908106747
0.
0.
0.
0.
0.
0.
0.
0.
0.
0.
0.
-351.4996443810434
0.
615.124377666826
0.
-205.04145922227534
0.
0.
0.
0.
0.
0.
0.
0.
0.
0.
0.
289.9724124809117
0.
-662.7940856706554
0.
289.9724124809117
0.
0.
0.
0.
0.
0.
0.
0.
0.
0.
0.
-205.04145922227534
0.
615.124377666826
0.
-351.4996443810434
0.
0.
0.
0.
0.
0.
0.
0.
0.
0.
0.
122.53570908106747
0.
-490.14283632426987
0.
367.6071272432024
0.
0.
0.
0.
0.
0.
0.
0.
0.
0.
0.
-60.332412515993425
0.
331.82826883796383
0.
-331.82826883796383
0.
0.
0.
0.
0.
0.
0.
0.
0.
0.
0.
23.366642891095847
0.
-186.93314312876677
0.
257.03307180205434
0.
0.
0.
0.
0.
0.
0.
0.
0.
0.
0.
-6.48074069840786
0.
84.24962907930218
0.
-168.49925815860436
0.
0.
0.
0.
0.
0.
0.
0.
0.
0.
0.
1.
0.
-28.
0.
91.
0.
0.
0.
0.
0.
0.
0.
0.
0.
0.
0.
0.
0.
5.477225575051661
0.
-38.34057902536163
0.
0.
0.
0.
0.
0.
0.
0.
0.
0.
0.
0.
0.
0.
0.
10.954451150103322
0.
0.
0.
0.
0.
0.
0.
0.
0.
0.
0.
0.
0.
0.
0.
0.
0.
0.
0.
0.
0.
0.
0.
0.
0.
0.
0.
0.
0.
-4.
0.
0.
0.
0.
0.
0.
0.
0.
0.
0.
0.
0.
0.
0.
0.
15.
0.
-1.
0.
0.
0.
0.
0.
0.
0.
0.
0.
0.
0.
0.
0.
-38.34057902536163
0.
5.477225575051661
0.
0.
0.
0.
0.
0.
0.
0.
0.
0.
0.
0.
0.
76.90903718029502
0.
-17.74823934929885
0.
0.
0.
0.
0.
0.
0.
0.
0.
0.
0.
0.
0.
-127.98437404620925
0.
42.661458015403085
0.
0.
0.
0.
0.
0.
0.
0.
0.
0.
0.
0.
0.
181.74982806044136
0.
-82.61355820929153
0.
0.
0.
0.
0.
0.
0.
0.
0.
0.
0.
0.
0.
-223.71857321197095
0.
134.23114392718256
0.
0.
0.
0.
0.
0.
0.
0.
0.
0.
0.
0.
0.
240.6553552281769
0.
-187.17638739969314
0.
0.
0.
0.
0.
0.
0.
0.
0.
0.
0.
0.
0.
-226.89204481426844
0.
226.89204481426844
0.
0.
0.
0.
0.
0.
0.
0.
0.
0.
0.
0.
0.
187.17638739969314
0.
-240.6553552281769
0.
0.
0.
0.
0.
0.
0.
0.
0.
0.
0.
0.
0.
-134.23114392718256
0.
223.71857321197095
0.
0.
0.
0.
0.
0.
0.
0.
0.
0.
0.
0.
0.
82.61355820929153
0.
-181.74982806044136
0.
0.
0.
0.
0.
0.
0.
0.
0.
0.
0.
0.
0.
-42.661458015403085
0.
127.98437404620925
0.
0.
0.
0.
0.
0.
0.
0.
0.
0.
0.
0.
0.
17.74823934929885
0.
-76.90903718029502
0.
0.
0.
0.
0.
0.
0.
0.
0.
0.
0.
0.
0.
-5.477225575051661
0.
38.34057902536163
0.
0.
0.
0.
0.
0.
0.
0.
0.
0.
0.
0.
0.
1.
0.
-15.
0.
0.
0.
0.
0.
0.
0.
0.
0.
0.
0.
0.
0.
0.
0.
4.
0.
0.
0.
0.
0.
0.
0.
0.
0.
0.
0.
0.
0.
0.
0.
0.
0.
0.
0.
0.
0.
0.
0.
0.
0.
0.
0.
0.
0.
0.
0.
1.
0.
0.
0.
0.
0.
0.
0.
0.
0.
0.
0.
0.
0.
0.
0.
-4.
0.
0.
0.
0.
0.
0.
0.
0.
0.
0.
0.
0.
0.
0.
0.
10.954451150103322
0.
0.
0.
0.
0.
0.
0.
0.
0.
0.
0.
0.
0.
0.
0.
-23.664319132398465
0.
0.
0.
0.
0.
0.
0.
0.
0.
0.
0.
0.
0.
0.
0.
42.661458015403085
0.
0.
0.
0.
0.
0.
0.
0.
0.
0.
0.
0.
0.
0.
0.
-66.09084656743322
0.
0.
0.
0.
0.
0.
0.
0.
0.
0.
0.
0.
0.
0.
0.
89.48742928478838
0.
0.
0.
0.
0.
0.
0.
0.
0.
0.
0.
0.
0.
0.
0.
-106.9579356569675
0.
0.
0.
0.
0.
0.
0.
0.
0.
0.
0.
0.
0.
0.
0.
113.44602240713422
0.
0.
0.
0.
0.
0.
0.
0.
0.
0.
0.
0.
0.
0.
0.
-106.9579356569675
0.
0.
0.
0.
0.
0.
0.
0.
0.
0.
0.
0.
0.
0.
0.
89.48742928478838
0.
0.
0.
0.
0.
0.
0.
0.
0.
0.
0.
0.
0.
0.
0.
-66.09084656743322
0.
0.
0.
0.
0.
0.
0.
0.
0.
0.
0.
0.
0.
0.
0.
42.661458015403085
0.
0.
0.
0.
0.
0.
0.
0.
0.
0.
0.
0.
0.
0.
0.
-23.664319132398465
0.
0.
0.
0.
0.
0.
0.
0.
0.
0.
0.
0.
0.
0.
0.
10.954451150103322
0.
0.
0.
0.
0.
0.
0.
0.
0.
0.
0.
0.
0.
0.
0.
-4.
0.
0.
0.
0.
0.
0.
0.
0.
0.
0.
0.
0.
0.
0.
0.
1.
0.
0.
0.
0.
0.
0.
0.
0.
0.
0.
0.
0.
0.
0.
0.
0.