0.
0.
0.
0.
0.
0.
0.
0.
0.
0.
0.
0.
0.
0.
0.
-16.
0.
0.
0.
0.
0.
0.
0.
0.
0.
0.
0.
0.
0.
0.
0.
-60.
0.
4.
0.
0.
0.
0.
0.
0.
0.
0.
0.
0.
0.
0.
0.
-153.3623161014465
0.
21.908902300206645
0.
0.
0.
0.
0.
0.
0.
0.
0.
0.
0.
0.
0.
-307.63614872118006
0.
70.9929573971954
0.
0.
0.
0.
0.
0.
0.
0.
0.
0.
0.
0.
0.
-511.937496184837
0.
170.64583206161234
0.
0.
0.
0.
0.
0.
0.
0.
0.
0.
0.
0.
0.
-726.9993122417654
0.
330.4542328371661
0.
0.
0.
0.
0.
0.
0.
0.
0.
0.
0.
0.
0.
-894.8742928478838
0.
536.9245757087302
0.
0.
0.
0.
0.
0.
0.
0.
0.
0.
0.
0.
0.
-962.6214209127075
0.
748.7055495987726
0.
0.
0.
0.
0.
0.
0.
0.
0.
0.
0.
0.
0.
-907.5681792570738
0.
907.5681792570738
0.
0.
0.
0.
0.
0.
0.
0.
0.
0.
0.
0.
0.
-748.7055495987726
0.
962.6214209127075
0.
0.
0.
0.
0.
0.
0.
0.
0.
0.
0.
0.
0.
-536.9245757087302
0.
894.8742928478838
0.
0.
0.
0.
0.
0.
0.
0.
0.
0.
0.
0.
0.
-330.4542328371661
0.
726.9993122417654
0.
0.
0.
0.
0.
0.
0.
0.
0.
0.
0.
0.
0.
-170.64583206161234
0.
511.937496184837
0.
0.
0.
0.
0.
0.
0.
0.
0.
0.
0.
0.
0.
-70.9929573971954
0.
307.63614872118006
0.
0.
0.
0.
0.
0.
0.
0.
0.
0.
0.
0.
0.
-21.908902300206645
0.
153.3623161014465
0.
0.
0.
0.
0.
0.
0.
0.
0.
0.
0.
0.
0.
-4.
0.
60.
0.
0.
0.
0.
0.
0.
0.
0.
0.
0.
0.
0.
0.
0.
0.
16.
0.
0.
0.
0.
0.
0.
0.
0.
0.
0.
0.
0.
0.
0.
0.
0.
0.
0.
0.
0.
0.
0.
0.
0.
0.
0.
0.
0.
0.
60.
0.
-4.
0.
0.
0.
0.
0.
0.
0.
0.
0.
0.
0.
0.
0.
210.
0.
-46.
0.
0.
0.
0.
0.
0.
0.
0.
0.
0.
0.
0.
0.
498.42752732970115
0.
-197.1801207018598
0.
5.477225575051661
0.
0.
0.
0.
0.
0.
0.
0.
0.
0.
0.
922.9084461635401
0.
-556.1114996113639
0.
35.4964786985977
0.
0.
0.
0.
0.
0.
0.
0.
0.
0.
0.
1407.8281145083017
0.
-1194.5208244312864
0.
127.98437404620925
0.
0.
0.
0.
0.
0.
0.
0.
0.
0.
0.
1817.4982806044136
0.
-2081.8616668741465
0.
330.4542328371661
0.
0.
0.
0.
0.
0.
0.
0.
0.
0.
0.
2013.4671589077384
0.
-3042.5725956828046
0.
671.1557196359129
0.
0.
0.
0.
0.
0.
0.
0.
0.
0.
0.
1925.242841825415
0.
-3797.0067158223465
0.
1123.058324398159
0.
0.
0.
0.
0.
0.
0.
0.
0.
0.
0.
1588.244313699879
0.
-4084.056806656832
0.
1588.244313699879
0.
0.
0.
0.
0.
0.
0.
0.
0.
0.
0.
1123.058324398159
0.
-3797.0067158223465
0.
1925.242841825415
0.
0.
0.
0.
0.
0.
0.
0.
0.
0.
0.
671.1557196359129
0.
-3042.5725956828046
0.
2013.4671589077384
0.
0.
0.
0.
0.
0.
0.
0.
0.
0.
0.
330.4542328371661
0.
-2081.8616668741465
0.
1817.4982806044136
0.
0.
0.
0.
0.
0.
0.
0.
0.
0.
0.
127.98437404620925
0.
-1194.5208244312864
0.
1407.8281145083017
0.
0.
0.
0.
0.
0.
0.
0.
0.
0.
0.
35.4964786985977
0.
-556.1114996113639
0.
922.9084461635401
0.
0.
0.
0.
0.
0.
0.
0.
0.
0.
0.
5.477225575051661
0.
-197.1801207018598
0.
498.42752732970115
0.
0.
0.
0.
0.
0.
0.
0.
0.
0.
0.
0.
0.
-46.
0.
210.
0.
0.
0.
0.
0.
0.
0.
0.
0.
0.
0.
0.
0.
-4.
0.
60.
0.
0.
0.
0.
0.
0.
0.
0.
0.
0.
0.
0.
0.
0.
0.
0.
0.
0.
0.
0.
0.
0.
0.
0.
0.
0.
0.
-153.3623161014465
0.
21.908902300206645
0.
0.
0.
0.
0.
0.
0.
0.
0.
0.
0.
0.
0.
-498.42752732970115
0.
197.1801207018598
0.
-5.477225575051661
0.
0.
0.
0.
0.
0.
0.
0.
0.
0.
0.
-1092.
0.
756.
0.
-72.
0.
0.
0.
0.
0.
0.
0.
0.
0.
0.
0.
-1853.4918397446481
0.
1937.7414688239503
0.
-349.95999771402444
0.
6.48074069840786
0.
0.
0.
0.
0.
0.
0.
0.
0.
-2570.330718020543
0.
3785.396148357527
0.
-1074.865572990409
0.
46.73328578219169
0.
0.
0.
0.
0.
0.
0.
0.
0.
-2986.4544195416747
0.
5972.908839083349
0.
-2443.462706897734
0.
180.99723754798026
0.
0.
0.
0.
0.
0.
0.
0.
0.
-2940.857017945619
0.
7842.285381188318
0.
-4411.285526918429
0.
490.14283632426987
0.
0.
0.
0.
0.
0.
0.
0.
0.
-2460.497510667304
0.
8699.616198430826
0.
-6561.326695112811
0.
1025.2072961113768
0.
0.
0.
0.
0.
0.
0.
0.
0.
-1739.8344748854704
0.
8202.07681017436
0.
-8202.07681017436
0.
1739.8344748854704
0.
0.
0.
0.
0.
0.
0.
0.
0.
-1025.2072961113768
0.
6561.326695112811
0.
-8699.616198430826
0.
2460.497510667304
0.
0.
0.
0.
0.
0.
0.
0.
0.
-490.14283632426987
0.
4411.285526918429
0.
-7842.285381188318
0.
2940.857017945619
0.
0.
0.
0.
0.
0.
0.
0.
0.
-180.99723754798026
0.
2443.462706897734
0.
-5972.908839083349
0.
2986.4544195416747
0.
0.
0.
0.
0.
0.
0.
0.
0.
-46.73328578219169
0.
1074.865572990409
0.
-3785.396148357527
0.
2570.330718020543
0.
0.
0.
0.
0.
0.
0.
0.
0.
-6.48074069840786
0.
349.95999771402444
0.
-1937.7414688239503
0.
1853.4918397446481
0.
0.
0.
0.
0.
0.
0.
0.
0.
0.
0.
72.
0.
-756.
0.
1092.
0.
0.
0.
0.
0.
0.
0.
0.
0.
0.
0.
5.477225575051661
0.
-197.1801207018598
0.
498.42752732970115
0.
0.
0.
0.
0.
0.
0.
0.
0.
0.
0.
0.
0.
-21.908902300206645
0.
153.3623161014465
0.
0.
0.
0.
0.
0.
0.
0.
0.
0.
0.
0.
0.
0.
0.
0.
0.
0.
0.
0.
0.
0.
0.
0.
0.
307.63614872118006
0.
-70.9929573971954
0.
0.
0.
0.
0.
0.
0.
0.
0.
0.
0.
0.
0.
922.9084461635401
0.
-556.1114996113639
0.
35.4964786985977
0.
0.
0.
0.
0.
0.
0.
0.
0.
0.
0.
1853.4918397446481
0.
-1937.7414688239503
0.
349.95999771402444
0.
-6.48074069840786
0.
0.
0.
0.
0.
0.
0.
0.
0.
2860.
0.
-4524.
0.
1482.
0.
-94.
0.
0.
0.
0.
0.
0.
0.
0.
0.
3569.495762709349
0.
-8011.5349340809835
0.
4067.06183872338
0.
-497.5660760140305
0.
7.211102550927978
0.
0.
0.
0.
0.
0.
0.
3686.5593715550003
0.
-11366.891395627918
0.
8294.75858599875
0.
-1619.8518450771971
0.
55.85696017507576
0.
0.
0.
0.
0.
0.
0.
3176.488627399758
0.
-13273.184621634704
0.
13386.630644041838
0.
-3819.3494210401855
0.
226.89204481426844
0.
0.
0.
0.
0.
0.
0.
2277.978050816118
0.
-12908.542287958002
0.
17654.329893824914
0.
-7023.76565668303
0.
632.771680782255
0.
0.
0.
0.
0.
0.
0.
1342.3114392718257
0.
-10470.029226320241
0.
19329.284725514288
0.
-10470.029226320241
0.
1342.3114392718257
0.
0.
0.
0.
0.
0.
0.
632.771680782255
0.
-7023.76565668303
0.
17654.329893824914
0.
-12908.542287958002
0.
2277.978050816118
0.
0.
0.
0.
0.
0.
0.
226.89204481426844
0.
-3819.3494210401855
0.
13386.630644041838
0.
-13273.184621634704
0.
3176.488627399758
0.
0.
0.
0.
0.
0.
0.
55.85696017507576
0.
-1619.8518450771971
0.
8294.75858599875
0.
-11366.891395627918
0.
3686.5593715550003
0.
0.
0.
0.
0.
0.
0.
7.211102550927978
0.
-497.5660760140305
0.
4067.06183872338
0.
-8011.5349340809835
0.
3569.495762709349
0.
0.
0.
0.
0.
0.
0.
0.
0.
-94.
0.
1482.
0.
-4524.
0.
2860.
0.
0.
0.
0.
0.
0.
0.
0.
0.
-6.48074069840786
0.
349.95999771402444
0.
-1937.7414688239503
0.
1853.4918397446481
0.
0.
0.
0.
0.
0.
0.
0.
0.
0.
0.
35.4964786985977
0.
-556.1114996113639
0.
922.9084461635401
0.
0.
0.
0.
0.
0.
0.
0.
0.
0.
0.
0.
0.
-70.9929573971954
0.
307.63614872118006
0.
0.
0.
0.
0.
0.
0.
0.
0.
0.
0.
0.
0.
0.
0.
0.
0.
0.
0.
0.
0.
0.
0.
-511.937496184837
0.
170.64583206161234
0.
0.
0.
0.
0.
0.
0.
0.
0.
0.
0.
0.
0.
-1407.8281145083017
0.
1194.5208244312864
0.
-127.98437404620925
0.
0.
0.
0.
0.
0.
0.
0.
0.
0.
0.
-2570.330718020543
0.
3785.396148357527
0.
-1074.865572990409
0.
46.73328578219169
0.
0.
0.
0.
0.
0.
0.
0.
0.
-3569.495762709349
0.
8011.5349340809835
0.
-4067.06183872338
0.
497.5660760140305
0.
-7.211102550927978
0.
0.
0.
0.
0.
0.
0.
-3960.
0.
12760.
0.
-10032.
0.
2256.
0.
-112.
0.
0.
0.
0.
0.
0.
0.
-3578.6366118956535
0.
16103.86475353044
0.
-18319.21122756108
0.
6475.628154858801
0.
-627.4233020856016
0.
7.745966692414834
0.
0.
0.
0.
0.
-2642.998297388782
0.
16487.27509323478
0.
-26241.197381217193
0.
13529.634141394954
0.
-2118.593873303706
0.
62.92853089020909
0.
0.
0.
0.
0.
-1579.493589730582
0.
13794.244016980416
0.
-30326.276922827175
0.
21954.960897255092
0.
-5089.479344687431
0.
263.2489316217637
0.
0.
0.
0.
0.
-744.5804187594514
0.
9381.713276369088
0.
-28591.888080362936
0.
28591.888080362936
0.
-9381.713276369088
0.
744.5804187594514
0.
0.
0.
0.
0.
-263.2489316217637
0.
5089.479344687431
0.
-21954.960897255092
0.
30326.276922827175
0.
-13794.244016980416
0.
1579.493589730582
0.
0.
0.
0.
0.
-62.92853089020909
0.
2118.593873303706
0.
-13529.634141394954
0.
26241.197381217193
0.
-16487.27509323478
0.
2642.998297388782
0.
0.
0.
0.
0.
-7.745966692414834
0.
627.4233020856016
0.
-6475.628154858801
0.
18319.21122756108
0.
-16103.86475353044
0.
3578.6366118956535
0.
0.
0.
0.
0.
0.
0.
112.
0.
-2256.
0.
10032.
0.
-12760.
0.
3960.
0.
0.
0.
0.
0.
0.
0.
7.211102550927978
0.
-497.5660760140305
0.
4067.06183872338
0.
-8011.5349340809835
0.
3569.495762709349
0.
0.
0.
0.
0.
0.
0.
0.
0.
-46.73328578219169
0.
1074.865572990409
0.
-3785.396148357527
0.
2570.330718020543
0.
0.
0.
0.
0.
0.
0.
0.
0.
0.
0.
127.98437404620925
0.
-1194.5208244312864
0.
1407.8281145083017
0.
0.
0.
0.
0.
0.
0.
0.
0.
0.
0.
0.
0.
-170.64583206161234
0.
511.937496184837
0.
0.
0.
0.
0.
0.
0.
0.
0.
0.
0.
0.
0.
0.
0.
0.
0.
0.
0.
0.
0.
726.9993122417654
0.
-330.4542328371661
0.
0.
0.
0.
0.
0.
0.
0.
0.
0.
0.
0.
0.
1817.4982806044136
0.
-2081.8616668741465
0.
330.4542328371661
0.
0.
0.
0.
0.
0.
0.
0.
0.
0.
0.
2986.4544195416747
0.
-5972.908839083349
0.
2443.462706897734
0.
-180.99723754798026
0.
0.
0.
0.
0.
0.
0.
0.
0.
3686.5593715550003
0.
-11366.891395627918
0.
8294.75858599875
0.
-1619.8518450771971
0.
55.85696017507576
0.
0.
0.
0.
0.
0.
0.
3578.6366118956535
0.
-16103.86475353044
0.
18319.21122756108
0.
-6475.628154858801
0.
627.4233020856016
0.
-7.745966692414834
0.
0.
0.
0.
0.
2772.
0.
-17820.
0.
29700.
0.
-16500.
0.
2970.
0.
-126.
0.
0.
0.
0.
0.
1706.0480649735518
0.
-15695.642197756677
0.
37289.33627727906
0.
-30465.144017384853
0.
8733.341284983659
0.
-731.1634564172365
0.
8.12403840463596
0.
0.
0.
815.6469824623887
0.
-11011.234263242246
0.
37111.93770203868
0.
-43229.2900705066
0.
18352.057105403743
0.
-2514.911529259032
0.
67.97058187186572
0.
0.
0.
288.37475617675
0.
-6055.8698797117495
0.
29414.2251300285
0.
-48446.959037693996
0.
29414.2251300285
0.
-6055.8698797117495
0.
288.37475617675
0.
0.
0.
67.97058187186572
0.
-2514.911529259032
0.
18352.057105403743
0.
-43229.2900705066
0.
37111.93770203868
0.
-11011.234263242246
0.
815.6469824623887
0.
0.
0.
8.12403840463596
0.
-731.1634564172365
0.
8733.341284983659
0.
-30465.144017384853
0.
37289.33627727906
0.
-15695.642197756677
0.
1706.0480649735518
0.
0.
0.
0.
0.
-126.
0.
2970.
0.
-16500.
0.
29700.
0.
-17820.
0.
2772.
0.
0.
0.
0.
0.
-7.745966692414834
0.
627.4233020856016
0.
-6475.628154858801
0.
18319.21122756108
0.
-16103.86475353044
0.
3578.6366118956535
0.
0.
0.
0.
0.
0.
0.
55.85696017507576
0.
-1619.8518450771971
0.
8294.75858599875
0.
-11366.891395627918
0.
3686.5593715550003
0.
0.
0.
0.
0.
0.
0.
0.
0.
-180.99723754798026
0.
2443.462706897734
0.
-5972.908839083349
0.
2986.4544195416747
0.
0.
0.
0.
0.
0.
0.
0.
0.
0.
0.
330.4542328371661
0.
-2081.8616668741465
0.
1817.4982806044136
0.
0.
0.
0.
0.
0.
0.
0.
0.
0.
0.
0.
0.
-330.4542328371661
0.
726.9993122417654
0.
0.
0.
0.
0.
0.
0.
0.
0.
0.
0.
0.
0.
0.
0.
0.
0.
0.
0.
-894.8742928478838
0.
536.9245757087302
0.
0.
0.
0.
0.
0.
0.
0.
0.
0.
0.
0.
0.
-2013.4671589077384
0.
3042.5725956828046
0.
-671.1557196359129
0.
0.
0.
0.
0.
0.
0.
0.
0.
0.
0.
-2940.857017945619
0.
7842.285381188318
0.
-4411.285526918429
0.
490.14283632426987
0.
0.
0.
0.
0.
0.
0.
0.
0.
-3176.488627399758
0.
13273.184621634704
0.
-13386.630644041838
0.
3819.3494210401855
0.
-226.89204481426844
0.
0.
0.
0.
0.
0.
0.
-2642.998297388782
0.
16487.27509323478
0.
-26241.197381217193
0.
13529.634141394954
0.
-2118.593873303706
0.
62.92853089020909
0.
0.
0.
0.
0.
-1706.0480649735518
0.
15695.642197756677
0.
-37289.33627727906
0.
30465.144017384853
0.
-8733.341284983659
0.
731.1634564172365
0.
-8.12403840463596
0.
0.
0.
-840.
0.
11592.
0.
-40320.
0.
49200.
0.
-22500.
0.
3540.
0.
-136.
0.
0.
0.
-301.1976095522672
0.
6576.147808557834
0.
-33734.13226985393
0.
60088.923105677306
0.
-41163.67330547652
0.
10466.616931941286
0.
-803.1936254727125
0.
8.366600265340756
0.
-70.9929573971954
0.
2768.7253384906203
0.
-21723.84496354179
0.
56652.38000296192
0.
-56652.38000296192
0.
21723.84496354179
0.
-2768.7253384906203
0.
70.9929573971954
0.
-8.366600265340756
0.
803.1936254727125
0.
-10466.616931941286
0.
41163.67330547652
0.
-60088.923105677306
0.
33734.13226985393
0.
-6576.147808557834
0.
301.1976095522672
0.
0.
0.
136.
0.
-3540.
0.
22500.
0.
-49200.
0.
40320.
0.
-11592.
0.
840.
0.
0.
0.
8.12403840463596
0.
-731.1634564172365
0.
8733.341284983659
0.
-30465.144017384853
0.
37289.33627727906
0.
-15695.642197756677
0.
1706.0480649735518
0.
0.
0.
0.
0.
-62.92853089020909
0.
2118.593873303706
0.
-13529.634141394954
0.
26241.197381217193
0.
-16487.27509323478
0.
2642.998297388782
0.
0.
0.
0.
0.
0.
0.
226.89204481426844
0.
-3819.3494210401855
0.
13386.630644041838
0.
-13273.184621634704
0.
3176.488627399758
0.
0.
0.
0.
0.
0.
0.
0.
0.
-490.14283632426987
0.
4411.285526918429
0.
-7842.285381188318
0.
2940.857017945619
0.
0.
0.
0.
0.
0.
0.
0.
0.
0.
0.
671.1557196359129
0.
-3042.5725956828046
0.
2013.4671589077384
0.
0.
0.
0.
0.
0.
0.
0.
0.
0.
0.
0.
0.
-536.9245757087302
0.
894.8742928478838
0.
0.
0.
0.
0.
0.
0.
0.
0.
0.
0.
0.
0.
0.
0.
0.
0.
962.6214209127075
0.
-748.7055495987726
0.
0.
0.
0.
0.
0.
0.
0.
0.
0.
0.
0.
0.
1925.242841825415
0.
-3797.0067158223465
0.
1123.058324398159
0.
0.
0.
0.
0.
0.
0.
0.
0.
0.
0.
2460.497510667304
0.
-8699.616198430826
0.
6561.326695112811
0.
-1025.2072961113768
0.
0.
0.
0.
0.
0.
0.
0.
0.
2277.978050816118
0.
-12908.542287958002
0.
17654.329893824914
0.
-7023.76565668303
0.
632.771680782255
0.
0.
0.
0.
0.
0.
0.
1579.493589730582
0.
-13794.244016980416
0.
30326.276922827175
0.
-21954.960897255092
0.
5089.479344687431
0.
-263.2489316217637
0.
0.
0.
0.
0.
815.6469824623887
0.
-11011.234263242246
0.
37111.93770203868
0.
-43229.2900705066
0.
18352.057105403743
0.
-2514.911529259032
0.
67.97058187186572
0.
0.
0.
301.1976095522672
0.
-6576.147808557834
0.
33734.13226985393
0.
-60088.923105677306
0.
41163.67330547652
0.
-10466.616931941286
0.
803.1936254727125
0.
-8.366600265340756
0.
72.
0.
-2856.
0.
22932.
0.
-61740.
0.
64680.
0.
-26712.
0.
3906.
0.
-142.
0.
8.485281374238571
0.
-840.0428560496185
0.
11404.21816697664
0.
-47398.78175649665
0.
74840.1817207842
0.
-47398.78175649665
0.
11404.21816697664
0.
-840.0428560496185
0.
8.485281374238571
0.
-142.
0.
3906.
0.
-26712.
0.
64680.
0.
-61740.
0.
22932.
0.
-2856.
0.
72.
0.
-8.366600265340756
0.
803.1936254727125
0.
-10466.616931941286
0.
41163.67330547652
0.
-60088.923105677306
0.
33734.13226985393
0.
-6576.147808557834
0.
301.1976095522672
0.
0.
0.
67.97058187186572
0.
-2514.911529259032
0.
18352.057105403743
0.
-43229.2900705066
0.
37111.93770203868
0.
-11011.234263242246
0.
815.6469824623887
0.
0.
0.
0.
0.
-263.2489316217637
0.
5089.479344687431
0.
-21954.960897255092
0.
30326.276922827175
0.
-13794.244016980416
0.
1579.493589730582
0.
0.
0.
0.
0.
0.
0.
632.771680782255
0.
-7023.76565668303
0.
17654.329893824914
0.
-12908.542287958002
0.
2277.978050816118
0.
0.
0.
0.
0.
0.
0.
0.
0.
-1025.2072961113768
0.
6561.326695112811
0.
-8699.616198430826
0.
2460.497510667304
0.
0.
0.
0.
0.
0.
0.
0.
0.
0.
0.
1123.058324398159
0.
-3797.0067158223465
0.
1925.242841825415
0.
0.
0.
0.
0.
0.
0.
0.
0.
0.
0.
0.
0.
-748.7055495987726
0.
962.6214209127075
0.
0.
0.
0.
0.
0.
0.
0.
0.
0.
0.
0.
0.
0.
0.
-907.5681792570738
0.
907.5681792570738
0.
0.
0.
0.
0.
0.
0.
0.
0.
0.
0.
0.
0.
-1588.244313699879
0.
4084.056806656832
0.
-1588.244313699879
0.
0.
0.
0.
0.
0.
0.
0.
0.
0.
0.
-1739.8344748854704
0.
8202.07681017436
0.
-8202.07681017436
0.
1739.8344748854704
0.
0.
0.
0.
0.
0.
0.
0.
0.
-1342.3114392718257
0.
10470.029226320241
0.
-19329.284725514288
0.
10470.029226320241
0.
-1342.3114392718257
0.
0.
0.
0.
0.
0.
0.
-744.5804187594514
0.
9381.713276369088
0.
-28591.888080362936
0.
28591.888080362936
0.
-9381.713276369088
0.
744.5804187594514
0.
0.
0.
0.
0.
-288.37475617675
0.
6055.8698797117495
0.
-29414.2251300285
0.
48446.959037693996
0.
-29414.2251300285
0.
6055.8698797117495
0.
-288.37475617675
0.
0.
0.
-70.9929573971954
0.
2768.7253384906203
0.
-21723.84496354179
0.
56652.38000296192
0.
-56652.38000296192
0.
21723.84496354179
0.
-2768.7253384906203
0.
70.9929573971954
0.
-8.485281374238571
0.
840.0428560496185
0.
-11404.21816697664
0.
47398.78175649665
0.
-74840.1817207842
0.
47398.78175649665
0.
-11404.21816697664
0.
840.0428560496185
0.
-8.485281374238571
0.
144.
0.
-4032.
0.
28224.
0.
-70560.
0.
70560.
0.
-28224.
0.
4032.
0.
-144.
0.
8.485281374238571
0.
-840.0428560496185
0.
11404.21816697664
0.
-47398.78175649665
0.
74840.1817207842
0.
-47398.78175649665
0.
11404.21816697664
0.
-840.0428560496185
0.
8.485281374238571
0.
-70.9929573971954
0.
2768.7253384906203
0.
-21723.84496354179
0.
56652.38000296192
0.
-56652.38000296192
0.
21723.84496354179
0.
-2768.7253384906203
0.
70.9929573971954
0.
0.
0.
288.37475617675
0.
-6055.8698797117495
0.
29414.2251300285
0.
-48446.959037693996
0.
29414.2251300285
0.
-6055.8698797117495
0.
288.37475617675
0.
0.
0.
0.
0.
-744.5804187594514
0.
9381.713276369088
0.
-28591.888080362936
0.
28591.888080362936
0.
-9381.713276369088
0.
744.5804187594514
0.
0.
0.
0.
0.
0.
0.
1342.3114392718257
0.
-10470.029226320241
0.
19329.284725514288
0.
-10470.029226320241
0.
1342.3114392718257
0.
0.
0.
0.
0.
0.
0.
0.
0.
-1739.8344748854704
0.
8202.07681017436
0.
-8202.07681017436
0.
1739.8344748854704
0.
0.
0.
0.
0.
0.
0.
0.
0.
0.
0.
1588.244313699879
0.
-4084.056806656832
0.
1588.244313699879
0.
0.
0.
0.
0.
0.
0.
0.
0.
0.
0.
0.
0.
-907.5681792570738
0.
907.5681792570738
0.
0.
0.
0.
0.
0.
0.
0.
0.
0.
0.
0.
0.
748.7055495987726
0.
-962.6214209127075
0.
0.
0.
0.
0.
0.
0.
0.
0.
0.
0.
0.
0.
1123.058324398159
0.
-3797.0067158223465
0.
1925.242841825415
0.
0.
0.
0.
0.
0.
0.
0.
0.
0.
0.
1025.2072961113768
0.
-6561.326695112811
0.
8699.616198430826
0.
-2460.497510667304
0.
0.
0.
0.
0.
0.
0.
0.
0.
632.771680782255
0.
-7023.76565668303
0.
17654.329893824914
0.
-12908.542287958002
0.
2277.978050816118
0.
0.
0.
0.
0.
0.
0.
263.2489316217637
0.
-5089.479344687431
0.
21954.960897255092
0.
-30326.276922827175
0.
13794.244016980416
0.
-1579.493589730582
0.
0.
0.
0.
0.
67.97058187186572
0.
-2514.911529259032
0.
18352.057105403743
0.
-43229.2900705066
0.
37111.93770203868
0.
-11011.234263242246
0.
815.6469824623887
0.
0.
0.
8.366600265340756
0.
-803.1936254727125
0.
10466.616931941286
0.
-41163.67330547652
0.
60088.923105677306
0.
-33734.13226985393
0.
6576.147808557834
0.
-301.1976095522672
0.
0.
0.
-142.
0.
3906.
0.
-26712.
0.
64680.
0.
-61740.
0.
22932.
0.
-2856.
0.
72.
0.
-8.485281374238571
0.
840.0428560496185
0.
-11404.21816697664
0.
47398.78175649665
0.
-74840.1817207842
0.
47398.78175649665
0.
-11404.21816697664
0.
840.0428560496185
0.
-8.485281374238571
0.
72.
0.
-2856.
0.
22932.
0.
-61740.
0.
64680.
0.
-26712.
0.
3906.
0.
-142.
0.
0.
0.
-301.1976095522672
0.
6576.147808557834
0.
-33734.13226985393
0.
60088.923105677306
0.
-41163.67330547652
0.
10466.616931941286
0.
-803.1936254727125
0.
8.366600265340756
0.
0.
0.
815.6469824623887
0.
-11011.234263242246
0.
37111.93770203868
0.
-43229.2900705066
0.
18352.057105403743
0.
-2514.911529259032
0.
67.97058187186572
0.
0.
0.
0.
0.
-1579.493589730582
0.
13794.244016980416
0.
-30326.276922827175
0.
21954.960897255092
0.
-5089.479344687431
0.
263.2489316217637
0.
0.
0.
0.
0.
0.
0.
2277.978050816118
0.
-12908.542287958002
0.
17654.329893824914
0.
-7023.76565668303
0.
632.771680782255
0.
0.
0.
0.
0.
0.
0.
0.
0.
-2460.497510667304
0.
8699.616198430826
0.
-6561.326695112811
0.
1025.2072961113768
0.
0.
0.
0.
0.
0.
0.
0.
0.
0.
0.
1925.242841825415
0.
-3797.0067158223465
0.
1123.058324398159
0.
0.
0.
0.
0.
0.
0.
0.
0.
0.
0.
0.
0.
-962.6214209127075
0.
748.7055495987726
0.
0.
0.
0.
0.
0.
0.
0.
0.
0.
0.
-536.9245757087302
0.
894.8742928478838
0.
0.
0.
0.
0.
0.
0.
0.
0.
0.
0.
0.
0.
-671.1557196359129
0.
3042.5725956828046
0.
-2013.4671589077384
0.
0.
0.
0.
0.
0.
0.
0.
0.
0.
0.
-490.14283632426987
0.
4411.285526918429
0.
-7842.285381188318
0.
2940.857017945619
0.
0.
0.
0.
0.
0.
0.
0.
0.
-226.89204481426844
0.
3819.3494210401855
0.
-13386.630644041838
0.
13273.184621634704
0.
-3176.488627399758
0.
0.
0.
0.
0.
0.
0.
-62.92853089020909
0.
2118.593873303706
0.
-13529.634141394954
0.
26241.197381217193
0.
-16487.27509323478
0.
2642.998297388782
0.
0.
0.
0.
0.
-8.12403840463596
0.
731.1634564172365
0.
-8733.341284983659
0.
30465.144017384853
0.
-37289.33627727906
0.
15695.642197756677
0.
-1706.0480649735518
0.
0.
0.
0.
0.
136.
0.
-3540.
0.
22500.
0.
-49200.
0.
40320.
0.
-11592.
0.
840.
0.
0.
0.
8.366600265340756
0.
-803.1936254727125
0.
10466.616931941286
0.
-41163.67330547652
0.
60088.923105677306
0.
-33734.13226985393
0.
6576.147808557834
0.
-301.1976095522672
0.
0.
0.
-70.9929573971954
0.
2768.7253384906203
0.
-21723.84496354179
0.
56652.38000296192
0.
-56652.38000296192
0.
21723.84496354179
0.
-2768.7253384906203
0.
70.9929573971954
0.
0.
0.
301.1976095522672
0.
-6576.147808557834
0.
33734.13226985393
0.
-60088.923105677306
0.
41163.67330547652
0.
-10466.616931941286
0.
803.1936254727125
0.
-8.366600265340756
0.
0.
0.
-840.
0.
11592.
0.
-40320.
0.
49200.
0.
-22500.
0.
3540.
0.
-136.
0.
0.
0.
0.
0.
1706.0480649735518
0.
-15695.642197756677
0.
37289.33627727906
0.
-30465.144017384853
0.
8733.341284983659
0.
-731.1634564172365
0.
8.12403840463596
0.
0.
0.
0.
0.
-2642.998297388782
0.
16487.27509323478
0.
-26241.197381217193
0.
13529.634141394954
0.
-2118.593873303706
0.
62.92853089020909
0.
0.
0.
0.
0.
0.
0.
3176.488627399758
0.
-13273.184621634704
0.
13386.630644041838
0.
-3819.3494210401855
0.
226.89204481426844
0.
0.
0.
0.
0.
0.
0.
0.
0.
-2940.857017945619
0.
7842.285381188318
0.
-4411.285526918429
0.
490.14283632426987
0.
0.
0.
0.
0.
0.
0.
0.
0.
0.
0.
2013.4671589077384
0.
-3042.5725956828046
0.
671.1557196359129
0.
0.
0.
0.
0.
0.
0.
0.
0.
0.
0.
0.
0.
-894.8742928478838
0.
536.9245757087302
0.
0.
0.
0.
0.
0.
0.
0.
0.
330.4542328371661
0.
-726.9993122417654
0.
0.
0.
0.
0.
0.
0.
0.
0.
0.
0.
0.
0.
330.4542328371661
0.
-2081.8616668741465
0.
1817.4982806044136
0.
0.
0.
0.
0.
0.
0.
0.
0.
0.
0.
180.99723754798026
0.
-2443.462706897734
0.
5972.908839083349
0.
-2986.4544195416747
0.
0.
0.
0.
0.
0.
0.
0.
0.
55.85696017507576
0.
-1619.8518450771971
0.
8294.75858599875
0.
-11366.891395627918
0.
3686.5593715550003
0.
0.
0.
0.
0.
0.
0.
7.745966692414834
0.
-627.4233020856016
0.
6475.628154858801
0.
-18319.21122756108
0.
16103.86475353044
0.
-3578.6366118956535
0.
0.
0.
0.
0.
0.
0.
-126.
0.
2970.
0.
-16500.
0.
29700.
0.
-17820.
0.
2772.
0.
0.
0.
0.
0.
-8.12403840463596
0.
731.1634564172365
0.
-8733.341284983659
0.
30465.144017384853
0.
-37289.33627727906
0.
15695.642197756677
0.
-1706.0480649735518
0.
0.
0.
0.
0.
67.97058187186572
0.
-2514.911529259032
0.
18352.057105403743
0.
-43229.2900705066
0.
37111.93770203868
0.
-11011.234263242246
0.
815.6469824623887
0.
0.
0.
0.
0.
-288.37475617675
0.
6055.8698797117495
0.
-29414.2251300285
0.
48446.959037693996
0.
-29414.2251300285
0.
6055.8698797117495
0.
-288.37475617675
0.
0.
0.
0.
0.
815.6469824623887
0.
-11011.234263242246
0.
37111.93770203868
0.
-43229.2900705066
0.
18352.057105403743
0.
-2514.911529259032
0.
67.97058187186572
0.
0.
0.
0.
0.
-1706.0480649735518
0.
15695.642197756677
0.
-37289.33627727906
0.
30465.144017384853
0.
-8733.341284983659
0.
731.1634564172365
0.
-8.12403840463596
0.
0.
0.
0.
0.
2772.
0.
-17820.
0.
29700.
0.
-16500.
0.
2970.
0.
-126.
0.
0.
0.
0.
0.
0.
0.
-3578.6366118956535
0.
16103.86475353044
0.
-18319.21122756108
0.
6475.628154858801
0.
-627.4233020856016
0.
7.745966692414834
0.
0.
0.
0.
0.
0.
0.
3686.5593715550003
0.
-11366.891395627918
0.
8294.75858599875
0.
-1619.8518450771971
0.
55.85696017507576
0.
0.
0.
0.
0.
0.
0.
0.
0.
-2986.4544195416747
0.
5972.908839083349
0.
-2443.462706897734
0.
180.99723754798026
0.
0.
0.
0.
0.
0.
0.
0.
0.
0.
0.
1817.4982806044136
0.
-2081.8616668741465
0.
330.4542328371661
0.
0.
0.
0.
0.
0.
0.
0.
0.
0.
0.
0.
0.
-726.9993122417654
0.
330.4542328371661
0.
0.
0.
0.
0.
0.
0.
-170.64583206161234
0.
511.937496184837
0.
0.
0.
0.
0.
0.
0.
0.
0.
0.
0.
0.
0.
-127.98437404620925
0.
1194.5208244312864
0.
-1407.8281145083017
0.
0.
0.
0.
0.
0.
0.
0.
0.
0.
0.
-46.73328578219169
0.
1074.865572990409
0.
-3785.396148357527
0.
2570.330718020543
0.
0.
0.
0.
0.
0.
0.
0.
0.
-7.211102550927978
0.
497.5660760140305
0.
-4067.06183872338
0.
8011.5349340809835
0.
-3569.495762709349
0.
0.
0.
0.
0.
0.
0.
0.
0.
112.
0.
-2256.
0.
10032.
0.
-12760.
0.
3960.
0.
0.
0.
0.
0.
0.
0.
7.745966692414834
0.
-627.4233020856016
0.
6475.628154858801
0.
-18319.21122756108
0.
16103.86475353044
0.
-3578.6366118956535
0.
0.
0.
0.
0.
0.
0.
-62.92853089020909
0.
2118.593873303706
0.
-13529.634141394954
0.
26241.197381217193
0.
-16487.27509323478
0.
2642.998297388782
0.
0.
0.
0.
0.
0.
0.
263.2489316217637
0.
-5089.479344687431
0.
21954.960897255092
0.
-30326.276922827175
0.
13794.244016980416
0.
-1579.493589730582
0.
0.
0.
0.
0.
0.
0.
-744.5804187594514
0.
9381.713276369088
0.
-28591.888080362936
0.
28591.888080362936
0.
-9381.713276369088
0.
744.5804187594514
0.
0.
0.
0.
0.
0.
0.
1579.493589730582
0.
-13794.244016980416
0.
30326.276922827175
0.
-21954.960897255092
0.
5089.479344687431
0.
-263.2489316217637
0.
0.
0.
0.
0.
0.
0.
-2642.998297388782
0.
16487.27509323478
0.
-26241.197381217193
0.
13529.634141394954
0.
-2118.593873303706
0.
62.92853089020909
0.
0.
0.
0.
0.
0.
0.
3578.6366118956535
0.
-16103.86475353044
0.
18319.21122756108
0.
-6475.628154858801
0.
627.4233020856016
0.
-7.745966692414834
0.
0.
0.
0.
0.
0.
0.
-3960.
0.
12760.
0.
-10032.
0.
2256.
0.
-112.
0.
0.
0.
0.
0.
0.
0.
0.
0.
3569.495762709349
0.
-8011.5349340809835
0.
4067.06183872338
0.
-497.5660760140305
0.
7.211102550927978
0.
0.
0.
0.
0.
0.
0.
0.
0.
-2570.330718020543
0.
3785.396148357527
0.
-1074.865572990409
0.
46.73328578219169
0.
0.
0.
0.
0.
0.
0.
0.
0.
0.
0.
1407.8281145083017
0.
-1194.5208244312864
0.
127.98437404620925
0.
0.
0.
0.
0.
0.
0.
0.
0.
0.
0.
0.
0.
-511.937496184837
0.
170.64583206161234
0.
0.
0.
0.
0.
70.9929573971954
0.
-307.63614872118006
0.
0.
0.
0.
0.
0.
0.
0.
0.
0.
0.
0.
0.
35.4964786985977
0.
-556.1114996113639
0.
922.9084461635401
0.
0.
0.
0.
0.
0.
0.
0.
0.
0.
0.
6.48074069840786
0.
-349.95999771402444
0.
1937.7414688239503
0.
-1853.4918397446481
0.
0.
0.
0.
0.
0.
0.
0.
0.
0.
0.
-94.
0.
1482.
0.
-4524.
0.
2860.
0.
0.
0.
0.
0.
0.
0.
0.
0.
-7.211102550927978
0.
497.5660760140305
0.
-4067.06183872338
0.
8011.5349340809835
0.
-3569.495762709349
0.
0.
0.
0.
0.
0.
0.
0.
0.
55.85696017507576
0.
-1619.8518450771971
0.
8294.75858599875
0.
-11366.891395627918
0.
3686.5593715550003
0.
0.
0.
0.
0.
0.
0.
0.
0.
-226.89204481426844
0.
3819.3494210401855
0.
-13386.630644041838
0.
13273.184621634704
0.
-3176.488627399758
0.
0.
0.
0.
0.
0.
0.
0.
0.
632.771680782255
0.
-7023.76565668303
0.
17654.329893824914
0.
-12908.542287958002
0.
2277.978050816118
0.
0.
0.
0.
0.
0.
0.
0.
0.
-1342.3114392718257
0.
10470.029226320241
0.
-19329.284725514288
0.
10470.029226320241
0.
-1342.3114392718257
0.
0.
0.
0.
0.
0.
0.
0.
0.
2277.978050816118
0.
-12908.542287958002
0.
17654.329893824914
0.
-7023.76565668303
0.
632.771680782255
0.
0.
0.
0.
0.
0.
0.
0.
0.
-3176.488627399758
0.
13273.184621634704
0.
-13386.630644041838
0.
3819.3494210401855
0.
-226.89204481426844
0.
0.
0.
0.
0.
0.
0.
0.
0.
3686.5593715550003
0.
-11366.891395627918
0.
8294.75858599875
0.
-1619.8518450771971
0.
55.85696017507576
0.
0.
0.
0.
0.
0.
0.
0.
0.
-3569.495762709349
0.
8011.5349340809835
0.
-4067.06183872338
0.
497.5660760140305
0.
-7.211102550927978
0.
0.
0.
0.
0.
0.
0.
0.
0.
2860.
0.
-4524.
0.
1482.
0.
-94.
0.
0.
0.
0.
0.
0.
0.
0.
0.
0.
0.
-1853.4918397446481
0.
1937.7414688239503
0.
-349.95999771402444
0.
6.48074069840786
0.
0.
0.
0.
0.
0.
0.
0.
0.
0.
0.
922.9084461635401
0.
-556.1114996113639
0.
35.4964786985977
0.
0.
0.
0.
0.
0.
0.
0.
0.
0.
0.
0.
0.
-307.63614872118006
0.
70.9929573971954
0.
0.
0.
-21.908902300206645
0.
153.3623161014465
0.
0.
0.
0.
0.
0.
0.
0.
0.
0.
0.
0.
0.
-5.477225575051661
0.
197.1801207018598
0.
-498.42752732970115
0.
0.
0.
0.
0.
0.
0.
0.
0.
0.
0.
0.
0.
72.
0.
-756.
0.
1092.
0.
0.
0.
0.
0.
0.
0.
0.
0.
0.
0.
6.48074069840786
0.
-349.95999771402444
0.
1937.7414688239503
0.
-1853.4918397446481
0.
0.
0.
0.
0.
0.
0.
0.
0.
0.
0.
-46.73328578219169
0.
1074.865572990409
0.
-3785.396148357527
0.
2570.330718020543
0.
0.
0.
0.
0.
0.
0.
0.
0.
0.
0.
180.99723754798026
0.
-2443.462706897734
0.
5972.908839083349
0.
-2986.4544195416747
0.
0.
0.
0.
0.
0.
0.
0.
0.
0.
0.
-490.14283632426987
0.
4411.285526918429
0.
-7842.285381188318
0.
2940.857017945619
0.
0.
0.
0.
0.
0.
0.
0.
0.
0.
0.
1025.2072961113768
0.
-6561.326695112811
0.
8699.616198430826
0.
-2460.497510667304
0.
0.
0.
0.
0.
0.
0.
0.
0.
0.
0.
-1739.8344748854704
0.
8202.07681017436
0.
-8202.07681017436
0.
1739.8344748854704
0.
0.
0.
0.
0.
0.
0.
0.
0.
0.
0.
2460.497510667304
0.
-8699.616198430826
0.
6561.326695112811
0.
-1025.2072961113768
0.
0.
0.
0.
0.
0.
0.
0.
0.
0.
0.
-2940.857017945619
0.
7842.285381188318
0.
-4411.285526918429
0.
490.14283632426987
0.
0.
0.
0.
0.
0.
0.
0.
0.
0.
0.
2986.4544195416747
0.
-5972.908839083349
0.
2443.462706897734
0.
-180.99723754798026
0.
0.
0.
0.
0.
0.
0.
0.
0.
0.
0.
-2570.330718020543
0.
3785.396148357527
0.
-1074.865572990409
0.
46.73328578219169
0.
0.
0.
0.
0.
0.
0.
0.
0.
0.
0.
1853.4918397446481
0.
-1937.7414688239503
0.
349.95999771402444
0.
-6.48074069840786
0.
0.
0.
0.
0.
0.
0.
0.
0.
0.
0.
-1092.
0.
756.
0.
-72.
0.
0.
0.
0.
0.
0.
0.
0.
0.
0.
0.
0.
0.
498.42752732970115
0.
-197.1801207018598
0.
5.477225575051661
0.
0.
0.
0.
0.
0.
0.
0.
0.
0.
0.
0.
0.
-153.3623161014465
0.
21.908902300206645
0.
4.
0.
-60.
0.
0.
0.
0.
0.
0.
0.
0.
0.
0.
0.
0.
0.
0.
0.
-46.
0.
210.
0.
0.
0.
0.
0.
0.
0.
0.
0.
0.
0.
0.
0.
-5.477225575051661
0.
197.1801207018598
0.
-498.42752732970115
0.
0.
0.
0.
0.
0.
0.
0.
0.
0.
0.
0.
0.
35.4964786985977
0.
-556.1114996113639
0.
922.9084461635401
0.
0.
0.
0.
0.
0.
0.
0.
0.
0.
0.
0.
0.
-127.98437404620925
0.
1194.5208244312864
0.
-1407.8281145083017
0.
0.
0.
0.
0.
0.
0.
0.
0.
0.
0.
0.
0.
330.4542328371661
0.
-2081.8616668741465
0.
1817.4982806044136
0.
0.
0.
0.
0.
0.
0.
0.
0.
0.
0.
0.
0.
-671.1557196359129
0.
3042.5725956828046
0.
-2013.4671589077384
0.
0.
0.
0.
0.
0.
0.
0.
0.
0.
0.
0.
0.
1123.058324398159
0.
-3797.0067158223465
0.
1925.242841825415
0.
0.
0.
0.
0.
0.
0.
0.
0.
0.
0.
0.
0.
-1588.244313699879
0.
4084.056806656832
0.
-1588.244313699879
0.
0.
0.
0.
0.
0.
0.
0.
0.
0.
0.
0.
0.
1925.242841825415
0.
-3797.0067158223465
0.
1123.058324398159
0.
0.
0.
0.
0.
0.
0.
0.
0.
0.
0.
0.
0.
-2013.4671589077384
0.
3042.5725956828046
0.
-671.1557196359129
0.
0.
0.
0.
0.
0.
0.
0.
0.
0.
0.
0.
0.
1817.4982806044136
0.
-2081.8616668741465
0.
330.4542328371661
0.
0.
0.
0.
0.
0.
0.
0.
0.
0.
0.
0.
0.
-1407.8281145083017
0.
1194.5208244312864
0.
-127.98437404620925
0.
0.
0.
0.
0.
0.
0.
0.
0.
0.
0.
0.
0.
922.9084461635401
0.
-556.1114996113639
0.
35.4964786985977
0.
0.
0.
0.
0.
0.
0.
0.
0.
0.
0.
0.
0.
-498.42752732970115
0.
197.1801207018598
0.
-5.477225575051661
0.
0.
0.
0.
0.
0.
0.
0.
0.
0.
0.
0.
0.
210.
0.
-46.
0.
0.
0.
0.
0.
0.
0.
0.
0.
0.
0.
0.
0.
0.
0.
-60.
0.
4.
0.
16.
0.
0.
0.
0.
0.
0.
0.
0.
0.
0.
0.
0.
0.
0.
0.
4.
0.
-60.
0.
0.
0.
0.
0.
0.
0.
0.
0.
0.
0.
0.
0.
0.
0.
-21.908902300206645
0.
153.3623161014465
0.
0.
0.
0.
0.
0.
0.
0.
0.
0.
0.
0.
0.
0.
0.
70.9929573971954
0.
-307.63614872118006
0.
0.
0.
0.
0.
0.
0.
0.
0.
0.
0.
0.
0.
0.
0.
-170.64583206161234
0.
511.937496184837
0.
0.
0.
0.
0.
0.
0.
0.
0.
0.
0.
0.
0.
0.
0.
330.4542328371661
0.
-726.9993122417654
0.
0.
0.
0.
0.
0.
0.
0.
0.
0.
0.
0.
0.
0.
0.
-536.9245757087302
0.
894.8742928478838
0.
0.
0.
0.
0.
0.
0.
0.
0.
0.
0.
0.
0.
0.
0.
748.7055495987726
0.
-962.6214209127075
0.
0.
0.
0.
0.
0.
0.
0.
0.
0.
0.
0.
0.
0.
0.
-907.5681792570738
0.
907.5681792570738
0.
0.
0.
0.
0.
0.
0.
0.
0.
0.
0.
0.
0.
0.
0.
962.6214209127075
0.
-748.7055495987726
0.
0.
0.
0.
0.
0.
0.
0.
0.
0.
0.
0.
0.
0.
0.
-894.8742928478838
0.
536.9245757087302
0.
0.
0.
0.
0.
0.
0.
0.
0.
0.
0.
0.
0.
0.
0.
726.9993122417654
0.
-330.4542328371661
0.
0.
0.
0.
0.
0.
0.
0.
0.
0.
0.
0.
0.
0.
0.
-511.937496184837
0.
170.64583206161234
0.
0.
0.
0.
0.
0.
0.
0.
0.
0.
0.
0.
0.
0.
0.
307.63614872118006
0.
-70.9929573971954
0.
0.
0.
0.
0.
0.
0.
0.
0.
0.
0.
0.
0.
0.
0.
-153.3623161014465
0.
21.908902300206645
0.
0.
0.
0.
0.
0.
0.
0.
0.
0.
0.
0.
0.
0.
0.
60.
0.
-4.
0.
0.
0.
0.
0.
0.
0.
0.
0.
0.
0.
0.
0.
0.
0.
-16.
0.